2.2561324906223227e+01, 1.9083739635507278e+01
2.2162865613334183e+01, 1.9545073236119865e+01
2.1755518621963503e+01, 1.9997497580682420e+01
2.1343676884323258e+01, 2.0436485927321385e+01
2.2946884326149309e+01, 1.8618351154769940e+01
2.1187249038469471e+01, 2.0598615928791780e+01
2.0769698735204638e+01, 2.1019565039477836e+01
2.0355740519596676e+01, 2.1420698585686932e+01
2.3899937925164167e+01, 1.7378016779060253e+01
2.3556626328435740e+01, 1.7840623756540808e+01
2.3194094722158695e+01, 1.8309463946809863e+01
1.9718058062657391e+01, 2.2009104621444095e+01
1.9307217147193551e+01, 2.2370379210713335e+01
2.4769975905451105e+01, 1.6113683428793426e+01
2.4471061479650455e+01, 1.6564107282288642e+01
1.8711388349656168e+01, 2.2871083184413273e+01
2.5259799070235708e+01, 1.5334440026662827e+01
2.4986054722648102e+01, 1.5776551251678370e+01
1.8107539767999867e+01, 2.3352077071436355e+01
1.7711918781638090e+01, 2.3653550115630761e+01
2.5718583167191554e+01, 1.4551872040127732e+01
2.5467449217663397e+01, 1.4987045417484266e+01
1.7020412047154569e+01, 2.4155911776314213e+01
2.6180049233962077e+01, 1.3704288456805102e+01
1.6390712563525589e+01, 2.4587538340791347e+01
2.6583971154573796e+01, 1.2903293287094902e+01
1.5664734313645512e+01, 2.5056308564569061e+01
1.5272205332359997e+01, 2.5297475057527674e+01
2.6992844283999752e+01, 1.2024510695231720e+01
1.4918713231756987e+01, 2.5507538013469645e+01
1.4518071841780062e+01, 2.5737678411172066e+01
2.7375489576919122e+01, 1.1125873917315102e+01
1.3742492962520263e+01, 2.6160015045390956e+01
2.7731442414803368e+01, 1.0206351042093576e+01
1.2945461811544732e+01, 2.6563462095251008e+01
2.8059968898175320e+01, 9.2650226893102481e+00
1.2127182402886024e+01, 2.6946872675082940e+01
2.8360060384922555e+01, 8.3011731076725646e+00
1.1288096333658354e+01, 2.7308998172068652e+01
2.8630449202927661e+01, 7.3143611093915073e+00
2.8510604687994125e+01, 7.7683923899946965e+00
1.0310745458340847e+01, 2.7692797404619554e+01
2.8890578162793329e+01, 6.2078171219462632e+00
2.8786869647595459e+01, 6.6722287050390676e+00
9.4262216457068444e+00, 2.8006228690882459e+01
8.9645776968777504e+00, 2.8157394174828077e+01
2.9094259579225220e+01, 5.1697736446252174e+00
2.9005690659587518e+01, 5.6455654597495588e+00
8.3913690746121290e+00, 2.8333503578866541e+01
7.9113274791672019e+00, 2.8471273198039000e+01
2.9206878669467816e+01, 4.4900710893020124e+00
6.9660188477167226e+00, 2.8717191391451486e+01
2.9351781762190480e+01, 3.4169295258671006e+00
5.8564290600531459e+00, 2.8963852275976084e+01
2.9467697397037735e+01, 2.2039306061252617e+00
4.7164965392064016e+00, 2.9171170021026821e+01
2.9534400125569768e+01, 9.6005688516073617e-01
3.5480922717564494e+00, 2.9336215523327169e+01
2.9548340558357339e+01, -3.1316169519079856e-01
2.3536176478335609e+00, 2.9456119635277936e+01
2.9505913240427319e+01, -1.6135624711723695e+00
1.1360273416797741e+00, 2.9528155070694073e+01
2.9403554714729538e+01, -2.9382767292933023e+00
-1.0116586900669366e-01, 2.9549826826344486e+01
2.9237863042402775e+01, -4.2836742072312255e+00
-1.3539072491408690e+00, 2.9518967379648021e+01
-2.0191886512628465e+00, 2.9480932434212651e+01
2.9005736084972568e+01, -5.6453320689681643e+00
-2.8424913823542650e+00, 2.9412968954888623e+01
2.8658654520858974e+01, -7.2030563689346074e+00
2.8821439673649685e+01, -6.5212817097693376e+00
-4.1231063338513776e+00, 2.9260938025971665e+01
-4.8467381771724138e+00, 2.9149813533570669e+01
2.8273868142311699e+01, -8.5901618303249396e+00
2.8477967964266565e+01, -7.8871947247552621e+00
-6.1523863686400801e+00, 2.8902433149667029e+01
2.7815385820563144e+01, -9.9753101031103100e+00
-7.7171528537758034e+00, 2.8524516680067691e+01
2.7192573692445780e+01, -1.1565744073811501e+01
2.7497788772480586e+01, -1.0820079141302095e+01
-9.0103027659635160e+00, 2.8142795597908719e+01
2.6570070928312827e+01, -1.2931892006370358e+01
-1.0571082263208636e+01, 2.7594469007112203e+01
-1.1400193073201809e+01, 2.7262393473312677e+01
2.5745796126137130e+01, -1.4503671322509433e+01
-1.2122538676622591e+01, 2.6948962058561541e+01
-1.2972713881446497e+01, 2.6550163738668836e+01
2.4808450167774051e+01, -1.6054385702139832e+01
-1.4520013119065547e+01, 2.5736583281822096e+01
2.3758394496676736e+01, -1.7571032722645555e+01
-1.5703083733780097e+01, 2.5032292369055835e+01
-1.6576386502926805e+01, 2.4462745359128974e+01
2.2131755700990201e+01, -1.9580293399019528e+01
2.2807607664415510e+01, -1.8788707582643756e+01
-1.7158828822722398e+01, 2.4057786544744950e+01
-1.8033385145564218e+01, 2.3409389573240563e+01
2.0812825273622739e+01, -2.0976863543667594e+01
2.1572649518846280e+01, -2.0194635246446555e+01
-1.9424551871138611e+01, 2.2268571678611213e+01
-2.0290660737114397e+01, 2.1482355244509947e+01
1.9396783009628059e+01, -2.2292763598921606e+01
-2.0739302325953382e+01, 2.1049556741953133e+01
-2.1585554764874249e+01, 2.0180840554660126e+01
1.6905154857475257e+01, -2.4236712632796976e+01
1.7894725735642300e+01, -2.3515554232170270e+01
-2.2785868842635143e+01, 1.8815065269252425e+01
-2.3588705005645696e+01, 1.7798188002058687e+01
1.5247441314066094e+01, -2.5312408683768329e+01
-2.4643857958364265e+01, 1.6305911962474415e+01
-2.5377345765287096e+01, 1.5139115625064267e+01
1.2320084954183388e+01, -2.6859225728261492e+01
1.3537788962954149e+01, -2.6266533269438447e+01
-2.6260232554380554e+01, 1.3550006870472492e+01
-2.6896213741248562e+01, 1.2239125229568987e+01
9.1523654712092384e+00, -2.8096916312674189e+01
1.0508077107378247e+01, -2.7618523050760572e+01
-2.7271228584228798e+01, 1.1379041765752607e+01
-2.7816092785496945e+01, 9.9733385658276443e+00
-2.8303892079282573e+01, 8.4907121706206308e+00
5.2206582742812042e+00, -2.9085171946941951e+01
6.7322997691388018e+00, -2.8772880283670833e+01
-2.8755296170142501e+01, 6.8070141888634357e+00
-2.9085306896009136e+01, 5.2199063942721464e+00
1.7154618180097252e+00, -2.9500164249558864e+01
3.3199257486512894e+00, -2.9362911862133878e+01
-2.9333087247419606e+01, 3.5738624113512656e+00
-2.9487911784778163e+01, 1.9145648521638556e+00
-2.9549320515879121e+01, 2.0039223998274591e-01
-3.5007647548649596e+00, -2.9341900860903596e+01
-1.7968204351841408e+00, -2.9495320583504508e+01
-2.9470900057523828e+01, -2.1606827160511215e+00
-2.9288912796311894e+01, -3.9194498606357429e+00
-2.8994131187143495e+01, -5.7046346686455758e+00
-2.8580725445099592e+01, -7.5063062175637869e+00
-1.1113263651256641e+01, -2.7380611224325470e+01
-9.3807873414767329e+00, -2.8021479776307139e+01
-7.6495565707768263e+00, -2.8542718585840511e+01
-5.9301343290863739e+00, -2.8948851563386608e+01
-2.7613923925027542e+01, -1.0520157102571787e+01
-2.6897557313176769e+01, -1.2236172219463519e+01
-2.6064035029330562e+01, -1.3923669702697973e+01
-2.5115196162361944e+01, -1.5570145205683856e+01
-2.4054727636272300e+01, -1.7163116801582330e+01
-2.2888162995418266e+01, -1.8690492093445961e+01
-2.1622792256624180e+01, -2.0140937292660276e+01
-2.0267484280756815e+01, -2.1504222397689148e+01
-1.8832431614109176e+01, -2.2771517724998070e+01
-1.7328835308920954e+01, -2.3935621296224888e+01
-1.5768552647792959e+01, -2.4991103364873304e+01
-1.4163733169396796e+01, -2.5934362585306182e+01
1.6809336238845499e-01, -2.9549521901741848e+01
1.0085532120050225e-01, -2.9482522253753601e+01
6.7236735753460994e-02, -2.9459446371266672e+01
3.3618324362850747e-02, -2.9447340181613864e+01
5.4281591119954138e-15, -2.9443521901741850e+01
-3.3618324362839888e-02, -2.9447340181613860e+01
-6.7236735753450141e-02, -2.9459446371266669e+01
-1.0085532120049140e-01, -2.9482522253753590e+01
-1.6809336238844416e-01, -2.9549521901741848e+01
4.3126410714216695e-01, -2.9546852814976607e+01
-4.3126410714216695e-01, -2.9546852814976607e+01
