32,625,626,634
32,33,41,634
32,33,626,634
33,626,634,635
33,41,42,635
33,41,634,635
41,634,635,643
41,42,50,643
41,42,635,643
23,616,625,626
23,32,33,626
23,32,625,626
42,635,643,644
42,50,51,644
42,50,643,644
23,616,617,626
23,24,33,626
23,24,617,626
50,643,644,654
50,51,61,654
50,51,644,654
51,644,654,655
51,61,62,655
51,61,654,655
61,654,655,666
61,62,73,666
61,62,655,666
12,605,616,617
12,23,24,617
12,23,616,617
62,655,666,667
62,73,74,667
62,73,666,667
12,605,606,617
12,13,24,617
12,13,606,617
32,625,630,634
32,37,41,634
32,37,630,634
37,630,634,639
37,41,46,639
37,41,634,639
41,634,639,643
41,46,50,643
41,46,639,643
50,643,649,654
50,56,61,654
50,56,649,654
61,654,661,666
61,68,73,666
61,68,661,666
23,616,625,630
23,32,37,630
23,32,625,630
23,616,621,630
23,28,37,630
23,28,621,630
42,635,636,644
42,43,51,644
42,43,636,644
33,626,627,635
33,34,42,635
33,34,627,635
24,617,626,627
24,33,34,627
24,33,626,627
13,606,617,618
13,24,25,618
13,24,617,618
43,636,644,645
43,51,52,645
43,51,644,645
51,644,645,655
51,52,62,655
51,52,645,655
46,639,643,649
46,50,56,649
46,50,643,649
34,627,635,636
34,42,43,636
34,42,635,636
12,605,616,621
12,23,28,621
12,23,616,621
56,649,654,661
56,61,68,661
56,61,654,661
73,666,667,679
73,74,86,679
73,74,667,679
52,645,655,656
52,62,63,656
52,62,655,656
0,593,605,606
0,12,13,606
0,12,605,606
12,605,611,621
12,18,28,621
12,18,611,621
24,617,618,627
24,25,34,627
24,25,618,627
0,593,594,606
0,1,13,606
0,1,594,606
68,661,666,672
68,73,79,672
68,73,666,672
63,656,667,668
63,74,75,668
63,74,667,668
62,655,656,667
62,63,74,667
62,63,656,667
1,594,606,607
1,13,14,607
1,13,606,607
0,593,605,611
0,12,18,611
0,12,605,611
74,667,668,681
74,75,88,681
74,75,668,681
73,666,677,679
73,84,86,679
73,84,677,679
73,666,677,711
73,84,118,711
73,84,677,711
13,606,607,618
13,14,25,618
13,14,607,618
88,681,683,714
88,90,121,714
88,90,683,714
74,667,679,681
74,86,88,681
74,86,679,681
73,666,672,711
73,79,118,711
73,79,672,711
84,677,679,714
84,86,121,714
84,86,679,714
0,593,600,698
0,7,105,698
0,7,600,698
0,593,600,611
0,7,18,611
0,7,600,611
86,679,681,714
86,88,121,714
86,88,681,714
75,668,681,683
75,88,90,683
75,88,681,683
79,672,709,711
79,116,118,711
79,116,709,711
84,677,711,714
84,118,121,714
84,118,711,714
1,594,595,607
1,2,14,607
1,2,595,607
0,593,694,696
0,101,103,696
0,101,694,696
0,593,594,694
0,1,101,694
0,1,594,694
1,594,692,694
1,99,101,694
1,99,692,694
38,631,639,640
38,46,47,640
38,46,639,640
46,639,640,649
46,47,56,649
46,47,640,649
56,649,650,661
56,57,68,661
56,57,650,661
68,661,662,672
68,69,79,672
68,69,662,672
79,672,673,709
79,80,116,709
79,80,673,709
37,630,631,639
37,38,46,639
37,38,631,639
28,621,630,631
28,37,38,631
28,37,630,631
28,621,622,631
28,29,38,631
28,29,622,631
47,640,649,650
47,56,57,650
47,56,649,650
57,650,661,662
57,68,69,662
57,68,661,662
90,683,685,714
90,92,121,714
90,92,685,714
75,668,683,685
75,90,92,685
75,90,683,685
18,611,621,622
18,28,29,622
18,28,621,622
69,662,672,673
69,79,80,673
69,79,672,673
80,673,707,709
80,114,116,709
80,114,707,709
116,709,711,714
116,118,121,714
116,118,711,714
103,696,698,713
103,105,120,713
103,105,698,713
0,593,696,698
0,103,105,698
0,103,696,698
18,611,612,622
18,19,29,622
18,19,612,622
1,594,595,692
1,2,99,692
1,2,595,692
101,694,696,713
101,103,120,713
101,103,696,713
7,600,611,612
7,18,19,612
7,18,611,612
114,707,709,714
114,116,121,714
114,116,709,714
7,600,601,612
7,8,19,612
7,8,601,612
107,700,702,713
107,109,120,713
107,109,702,713
7,600,698,700
7,105,107,700
7,105,698,700
92,685,687,714
92,94,121,714
92,94,687,714
75,668,669,685
75,76,92,685
75,76,669,685
63,656,657,668
63,64,75,668
63,64,657,668
2,595,690,692
2,97,99,692
2,97,690,692
99,692,694,713
99,101,120,713
99,101,694,713
80,673,705,707
80,112,114,707
80,112,705,707
112,705,707,714
112,114,121,714
112,114,707,714
94,687,689,714
94,96,121,714
94,96,689,714
7,600,601,700
7,8,107,700
7,8,601,700
76,669,685,687
76,92,94,687
76,92,685,687
52,645,646,656
52,53,63,656
52,53,646,656
43,636,637,645
43,44,52,645
43,44,637,645
34,627,628,636
34,35,43,636
34,35,628,636
64,657,668,669
64,75,76,669
64,75,668,669
25,618,627,628
25,34,35,628
25,34,627,628
53,646,656,657
53,63,64,657
53,63,656,657
44,637,645,646
44,52,53,646
44,52,645,646
14,607,618,619
14,25,26,619
14,25,618,619
2,595,607,608
2,14,15,608
2,14,607,608
105,698,700,713
105,107,120,713
105,107,700,713
8,601,700,702
8,107,109,702
8,107,700,702
35,628,636,637
35,43,44,637
35,43,636,637
96,689,691,714
96,98,121,714
96,98,691,714
76,669,687,689
76,94,96,689
76,94,687,689
81,674,703,705
81,110,112,705
81,110,703,705
110,703,705,714
110,112,121,714
110,112,705,714
81,674,701,703
81,108,110,703
81,108,701,703
2,595,688,690
2,95,97,690
2,95,688,690
97,690,692,713
97,99,120,713
97,99,692,713
3,596,686,688
3,93,95,688
3,93,686,688
25,618,619,628
25,26,35,628
25,26,619,628
95,688,690,713
95,97,120,713
95,97,690,713
98,691,693,714
98,100,121,714
98,100,693,714
76,669,670,689
76,77,96,689
76,77,670,689
80,673,674,705
80,81,112,705
80,81,674,705
108,701,703,714
108,110,121,714
108,110,703,714
109,702,704,713
109,111,120,713
109,111,704,713
8,601,702,704
8,109,111,704
8,109,702,704
14,607,608,619
14,15,26,619
14,15,608,619
2,595,596,688
2,3,95,688
2,3,596,688
93,686,688,713
93,95,120,713
93,95,688,713
100,693,695,714
100,102,121,714
100,102,695,714
77,670,689,691
77,96,98,691
77,96,689,691
106,699,701,714
106,108,121,714
106,108,701,714
2,595,596,608
2,3,15,608
2,3,596,608
102,695,697,714
102,104,121,714
102,104,697,714
104,697,699,714
104,106,121,714
104,106,699,714
111,704,706,713
111,113,120,713
111,113,706,713
8,601,602,704
8,9,111,704
8,9,602,704
113,706,708,713
113,115,120,713
113,115,708,713
69,662,663,673
69,70,80,673
69,70,663,673
70,663,673,674
70,80,81,674
70,80,673,674
82,675,699,701
82,106,108,701
82,106,699,701
72,665,676,697
72,83,104,697
72,83,676,697
58,651,662,663
58,69,70,663
58,69,662,663
57,650,651,662
57,58,69,662
57,58,651,662
3,596,684,686
3,91,93,686
3,91,684,686
91,684,686,713
91,93,120,713
91,93,686,713
48,641,650,651
48,57,58,651
48,57,650,651
47,640,641,650
47,48,57,650
47,48,641,650
115,708,710,713
115,117,120,713
115,117,710,713
9,602,704,706
9,111,113,706
9,111,704,706
8,601,612,613
8,19,20,613
8,19,612,613
4,597,682,684
4,89,91,684
4,89,682,684
89,682,684,713
89,91,120,713
89,91,684,713
39,632,640,641
39,47,48,641
39,47,640,641
117,710,712,713
117,119,120,713
117,119,712,713
5,598,680,682
5,87,89,682
5,87,680,682
87,680,682,713
87,89,120,713
87,89,682,713
29,622,631,632
29,38,39,632
29,38,631,632
38,631,632,640
38,39,47,640
38,39,632,640
29,622,623,632
29,30,39,632
29,30,623,632
9,602,603,708
9,10,115,708
9,10,603,708
9,602,706,708
9,113,115,708
9,113,706,708
85,678,712,713
85,119,120,713
85,119,712,713
10,603,708,710
10,115,117,710
10,115,708,710
85,678,680,713
85,87,120,713
85,87,680,713
19,612,622,623
19,29,30,623
19,29,622,623
8,601,602,613
8,9,20,613
8,9,602,613
19,612,613,623
19,20,30,623
19,20,613,623
66,659,691,693
66,98,100,693
66,98,691,693
66,659,670,691
66,77,98,691
66,77,670,691
55,648,659,670
55,66,77,670
55,66,659,670
64,657,658,669
64,65,76,669
64,65,658,669
53,646,657,658
53,64,65,658
53,64,657,658
44,637,638,646
44,45,53,646
44,45,638,646
65,658,669,670
65,76,77,670
65,76,669,670
35,628,629,637
35,36,44,637
35,36,629,637
3,596,597,609
3,4,16,609
3,4,597,609
3,596,597,684
3,4,91,684
3,4,597,684
6,599,678,680
6,85,87,680
6,85,678,680
11,604,710,712
11,117,119,712
11,117,710,712
3,596,608,609
3,15,16,609
3,15,608,609
58,651,663,664
58,70,71,664
58,70,663,664
70,663,664,674
70,71,81,674
70,71,664,674
71,664,674,675
71,81,82,675
71,81,674,675
81,674,675,701
81,82,108,701
81,82,675,701
67,660,671,693
67,78,100,693
67,78,671,693
58,651,652,664
58,59,71,664
58,59,652,664
49,642,651,652
49,58,59,652
49,58,651,652
6,599,678,712
6,85,119,712
6,85,678,712
10,603,604,710
10,11,117,710
10,11,604,710
9,602,613,614
9,20,21,614
9,20,613,614
30,623,624,633
30,31,40,633
30,31,624,633
45,638,646,647
45,53,54,647
45,53,646,647
26,619,628,629
26,35,36,629
26,35,628,629
15,608,619,620
15,26,27,620
15,26,619,620
54,647,648,658
54,55,65,658
54,55,648,658
53,646,647,658
53,54,65,658
53,54,647,658
36,629,637,638
36,44,45,638
36,44,637,638
66,659,671,693
66,78,100,693
66,78,671,693
55,648,658,670
55,65,77,670
55,65,658,670
67,660,693,695
67,100,102,695
67,100,693,695
67,660,695,697
67,102,104,697
67,102,695,697
26,619,620,629
26,27,36,629
26,27,620,629
67,660,676,697
67,83,104,697
67,83,676,697
72,665,697,699
72,104,106,699
72,104,697,699
72,665,675,699
72,82,106,699
72,82,675,699
15,608,609,620
15,16,27,620
15,16,609,620
60,653,665,675
60,72,82,675
60,72,665,675
60,653,664,675
60,71,82,675
60,71,664,675
4,597,609,610
4,16,17,610
4,16,609,610
4,597,598,682
4,5,89,682
4,5,598,682
48,641,642,651
48,49,58,651
48,49,642,651
59,652,653,664
59,60,71,664
59,60,653,664
4,597,598,610
4,5,17,610
4,5,598,610
5,598,599,680
5,6,87,680
5,6,599,680
6,599,604,712
6,11,119,712
6,11,604,712
39,632,633,641
39,40,48,641
39,40,633,641
40,633,641,642
40,48,49,642
40,48,641,642
30,623,632,633
30,39,40,633
30,39,632,633
10,603,604,615
10,11,22,615
10,11,604,615
20,613,623,624
20,30,31,624
20,30,623,624
9,602,603,614
9,10,21,614
9,10,603,614
10,603,614,615
10,21,22,615
10,21,614,615
20,613,614,624
20,21,31,624
20,21,614,624
54,647,720,721
54,127,128,721
54,127,720,721
45,638,647,720
45,54,127,720
45,54,647,720
36,629,638,719
36,45,126,719
36,45,638,719
27,620,629,718
27,36,125,718
27,36,629,718
54,647,648,721
54,55,128,721
54,55,648,721
55,648,721,722
55,128,129,722
55,128,721,722
45,638,719,720
45,126,127,720
45,126,719,720
16,609,620,717
16,27,124,717
16,27,620,717
66,659,671,722
66,78,129,722
66,78,671,722
55,648,659,722
55,66,129,722
55,66,659,722
67,660,671,722
67,78,129,722
67,78,671,722
67,660,722,723
67,129,130,723
67,129,722,723
67,660,676,723
67,83,130,723
67,83,676,723
36,629,718,719
36,125,126,719
36,125,718,719
16,609,610,716
16,17,123,716
16,17,610,716
60,653,665,723
60,72,130,723
60,72,665,723
72,665,676,723
72,83,130,723
72,83,676,723
27,620,717,718
27,124,125,718
27,124,717,718
5,598,610,716
5,17,123,716
5,17,610,716
5,598,599,715
5,6,122,715
5,6,599,715
6,599,604,715
6,11,122,715
6,11,604,715
59,652,653,724
59,60,131,724
59,60,653,724
60,653,723,724
60,130,131,724
60,130,723,724
16,609,716,717
16,123,124,717
16,123,716,717
11,604,615,729
11,22,136,729
11,22,615,729
49,642,652,725
49,59,132,725
49,59,652,725
59,652,724,725
59,131,132,725
59,131,724,725
5,598,715,716
5,122,123,716
5,122,715,716
21,614,615,729
21,22,136,729
21,22,615,729
40,633,642,726
40,49,133,726
40,49,642,726
49,642,725,726
49,132,133,726
49,132,725,726
11,604,715,729
11,122,136,729
11,122,715,729
21,614,624,728
21,31,135,728
21,31,624,728
40,633,726,727
40,133,134,727
40,133,726,727
31,624,633,727
31,40,134,727
31,40,633,727
21,614,728,729
21,135,136,729
21,135,728,729
31,624,727,728
31,134,135,728
31,134,727,728
127,720,721,736
127,128,143,736
127,128,721,736
126,719,720,735
126,127,142,735
126,127,720,735
125,718,719,734
125,126,141,734
125,126,719,734
128,721,736,737
128,143,144,737
128,143,736,737
127,720,735,736
127,142,143,736
127,142,735,736
124,717,718,733
124,125,140,733
124,125,718,733
128,721,722,738
128,129,145,738
128,129,722,738
128,721,737,738
128,144,145,738
128,144,737,738
126,719,734,735
126,141,142,735
126,141,734,735
129,722,723,739
129,130,146,739
129,130,723,739
129,722,738,739
129,145,146,739
129,145,738,739
125,718,733,734
125,140,141,734
125,140,733,734
123,716,717,731
123,124,138,731
123,124,717,731
130,723,724,740
130,131,147,740
130,131,724,740
130,723,739,740
130,146,147,740
130,146,739,740
124,717,732,733
124,139,140,733
124,139,732,733
122,715,716,730
122,123,137,730
122,123,716,730
131,724,740,741
131,147,148,741
131,147,740,741
124,717,731,732
124,138,139,732
124,138,731,732
122,715,729,748
122,136,155,748
122,136,729,748
131,724,725,742
131,132,149,742
131,132,725,742
131,724,741,742
131,148,149,742
131,148,741,742
123,716,730,731
123,137,138,731
123,137,730,731
135,728,729,747
135,136,154,747
135,136,729,747
132,725,726,743
132,133,150,743
132,133,726,743
132,725,742,743
132,149,150,743
132,149,742,743
122,715,730,748
122,137,155,748
122,137,730,748
133,726,727,744
133,134,151,744
133,134,727,744
133,726,743,744
133,150,151,744
133,150,743,744
134,727,744,745
134,151,152,745
134,151,744,745
136,729,747,748
136,154,155,748
136,154,747,748
134,727,728,745
134,135,152,745
134,135,728,745
135,728,746,747
135,153,154,747
135,153,746,747
135,728,745,746
135,152,153,746
135,152,745,746
143,736,756,757
143,163,164,757
143,163,756,757
142,735,736,756
142,143,163,756
142,143,736,756
141,734,735,755
141,142,162,755
141,142,735,755
140,733,734,754
140,141,161,754
140,141,734,754
143,736,737,757
143,144,164,757
143,144,737,757
144,737,738,758
144,145,165,758
144,145,738,758
144,737,757,758
144,164,165,758
144,164,757,758
142,735,755,756
142,162,163,756
142,162,755,756
139,732,733,752
139,140,159,752
139,140,733,752
145,738,739,759
145,146,166,759
145,146,739,759
145,738,758,759
145,165,166,759
145,165,758,759
141,734,754,755
141,161,162,755
141,161,754,755
138,731,732,751
138,139,158,751
138,139,732,751
146,739,760,761
146,167,168,761
146,167,760,761
146,739,759,760
146,166,167,760
146,166,759,760
140,733,753,754
140,160,161,754
140,160,753,754
146,739,740,761
146,147,168,761
146,147,740,761
140,733,752,753
140,159,160,753
140,159,752,753
137,730,731,750
137,138,157,750
137,138,731,750
147,740,741,762
147,148,169,762
147,148,741,762
147,740,761,762
147,168,169,762
147,168,761,762
139,732,751,752
139,158,159,752
139,158,751,752
137,730,748,749
137,155,156,749
137,155,748,749
148,741,742,763
148,149,170,763
148,149,742,763
148,741,762,763
148,169,170,763
148,169,762,763
138,731,750,751
138,157,158,751
138,157,750,751
154,747,748,770
154,155,177,770
154,155,748,770
149,742,743,764
149,150,171,764
149,150,743,764
149,742,763,764
149,170,171,764
149,170,763,764
137,730,749,750
137,156,157,750
137,156,749,750
153,746,747,769
153,154,176,769
153,154,747,769
150,743,744,765
150,151,172,765
150,151,744,765
150,743,764,765
150,171,172,765
150,171,764,765
155,748,749,770
155,156,177,770
155,156,749,770
152,745,746,768
152,153,175,768
152,153,746,768
151,744,745,766
151,152,173,766
151,152,745,766
151,744,765,766
151,172,173,766
151,172,765,766
154,747,769,770
154,176,177,770
154,176,769,770
152,745,766,767
152,173,174,767
152,173,766,767
153,746,768,769
153,175,176,769
153,175,768,769
152,745,767,768
152,174,175,768
152,174,767,768
163,756,778,779
163,185,186,779
163,185,778,779
162,755,756,778
162,163,185,778
162,163,756,778
161,754,755,777
161,162,184,777
161,162,755,777
160,753,754,775
160,161,182,775
160,161,754,775
163,756,757,779
163,164,186,779
163,164,757,779
164,757,758,780
164,165,187,780
164,165,758,780
164,757,779,780
164,186,187,780
164,186,779,780
162,755,777,778
162,184,185,778
162,184,777,778
159,752,753,774
159,160,181,774
159,160,753,774
165,758,759,781
165,166,188,781
165,166,759,781
165,758,780,781
165,187,188,781
165,187,780,781
161,754,776,777
161,183,184,777
161,183,776,777
158,751,752,773
158,159,180,773
158,159,752,773
166,759,760,782
166,167,189,782
166,167,760,782
166,759,781,782
166,188,189,782
166,188,781,782
161,754,775,776
161,182,183,776
161,182,775,776
167,760,761,783
167,168,190,783
167,168,761,783
167,760,782,783
167,189,190,783
167,189,782,783
160,753,774,775
160,181,182,775
160,181,774,775
157,750,751,772
157,158,179,772
157,158,751,772
168,761,762,784
168,169,191,784
168,169,762,784
168,761,783,784
168,190,191,784
168,190,783,784
159,752,773,774
159,180,181,774
159,180,773,774
156,749,750,771
156,157,178,771
156,157,750,771
169,762,763,785
169,170,192,785
169,170,763,785
169,762,784,785
169,191,192,785
169,191,784,785
158,751,772,773
158,179,180,773
158,179,772,773
156,749,770,794
156,177,201,794
156,177,770,794
170,763,764,786
170,171,193,786
170,171,764,786
170,763,785,786
170,192,193,786
170,192,785,786
157,750,771,772
157,178,179,772
157,178,771,772
176,769,770,793
176,177,200,793
176,177,770,793
171,764,765,787
171,172,194,787
171,172,765,787
171,764,786,787
171,193,194,787
171,193,786,787
156,749,771,794
156,178,201,794
156,178,771,794
175,768,769,792
175,176,199,792
175,176,769,792
172,765,788,789
172,195,196,789
172,195,788,789
172,765,787,788
172,194,195,788
172,194,787,788
177,770,793,794
177,200,201,794
177,200,793,794
174,767,768,791
174,175,198,791
174,175,768,791
173,766,789,790
173,196,197,790
173,196,789,790
172,765,766,789
172,173,196,789
172,173,766,789
176,769,792,793
176,199,200,793
176,199,792,793
173,766,767,790
173,174,197,790
173,174,767,790
175,768,791,792
175,198,199,792
175,198,791,792
174,767,790,791
174,197,198,791
174,197,790,791
186,779,804,805
186,211,212,805
186,211,804,805
185,778,779,804
185,186,211,804
185,186,779,804
184,777,778,803
184,185,210,803
184,185,778,803
183,776,777,802
183,184,209,802
183,184,777,802
186,779,780,805
186,187,212,805
186,187,780,805
185,778,803,804
185,210,211,804
185,210,803,804
182,775,776,801
182,183,208,801
182,183,776,801
187,780,805,806
187,212,213,806
187,212,805,806
187,780,781,806
187,188,213,806
187,188,781,806
184,777,802,803
184,209,210,803
184,209,802,803
181,774,775,800
181,182,207,800
181,182,775,800
188,781,782,807
188,189,214,807
188,189,782,807
188,781,806,807
188,213,214,807
188,213,806,807
183,776,801,802
183,208,209,802
183,208,801,802
180,773,774,798
180,181,205,798
180,181,774,798
189,782,783,808
189,190,215,808
189,190,783,808
189,782,807,808
189,214,215,808
189,214,807,808
182,775,800,801
182,207,208,801
182,207,800,801
179,772,773,797
179,180,204,797
179,180,773,797
190,783,809,810
190,216,217,810
190,216,809,810
190,783,808,809
190,215,216,809
190,215,808,809
181,774,799,800
181,206,207,800
181,206,799,800
178,771,772,796
178,179,203,796
178,179,772,796
191,784,810,811
191,217,218,811
191,217,810,811
190,783,784,810
190,191,217,810
190,191,784,810
181,774,798,799
181,205,206,799
181,205,798,799
178,771,794,795
178,201,202,795
178,201,794,795
192,785,811,812
192,218,219,812
192,218,811,812
191,784,785,811
191,192,218,811
191,192,785,811
180,773,797,798
180,204,205,798
180,204,797,798
192,785,786,812
192,193,219,812
192,193,786,812
179,772,796,797
179,203,204,797
179,203,796,797
200,793,794,821
200,201,228,821
200,201,794,821
193,786,787,813
193,194,220,813
193,194,787,813
193,786,812,813
193,219,220,813
193,219,812,813
178,771,795,796
178,202,203,796
178,202,795,796
199,792,793,820
199,200,227,820
199,200,793,820
194,787,788,814
194,195,221,814
194,195,788,814
194,787,813,814
194,220,221,814
194,220,813,814
201,794,795,821
201,202,228,821
201,202,795,821
198,791,792,819
198,199,226,819
198,199,792,819
195,788,814,815
195,221,222,815
195,221,814,815
195,788,789,815
195,196,222,815
195,196,789,815
200,793,820,821
200,227,228,821
200,227,820,821
196,789,790,816
196,197,223,816
196,197,790,816
197,790,816,817
197,223,224,817
197,223,816,817
196,789,815,816
196,222,223,816
196,222,815,816
199,792,819,820
199,226,227,820
199,226,819,820
197,790,791,817
197,198,224,817
197,198,791,817
198,791,818,819
198,225,226,819
198,225,818,819
198,791,817,818
198,224,225,818
198,224,817,818
212,805,831,832
212,238,239,832
212,238,831,832
211,804,805,831
211,212,238,831
211,212,805,831
210,803,804,830
210,211,237,830
210,211,804,830
209,802,803,829
209,210,236,829
209,210,803,829
208,801,802,828
208,209,235,828
208,209,802,828
212,805,806,832
212,213,239,832
212,213,806,832
211,804,830,831
211,237,238,831
211,237,830,831
207,800,801,827
207,208,234,827
207,208,801,827
213,806,832,833
213,239,240,833
213,239,832,833
213,806,807,833
213,214,240,833
213,214,807,833
210,803,829,830
210,236,237,830
210,236,829,830
206,799,800,826
206,207,233,826
206,207,800,826
214,807,808,834
214,215,241,834
214,215,808,834
214,807,833,834
214,240,241,834
214,240,833,834
209,802,828,829
209,235,236,829
209,235,828,829
205,798,799,825
205,206,232,825
205,206,799,825
215,808,809,835
215,216,242,835
215,216,809,835
215,808,834,835
215,241,242,835
215,241,834,835
208,801,827,828
208,234,235,828
208,234,827,828
204,797,798,824
204,205,231,824
204,205,798,824
216,809,836,837
216,243,244,837
216,243,836,837
216,809,835,836
216,242,243,836
216,242,835,836
207,800,826,827
207,233,234,827
207,233,826,827
203,796,797,823
203,204,230,823
203,204,797,823
217,810,837,838
217,244,245,838
217,244,837,838
216,809,810,837
216,217,244,837
216,217,810,837
206,799,825,826
206,232,233,826
206,232,825,826
202,795,796,822
202,203,229,822
202,203,796,822
218,811,838,839
218,245,246,839
218,245,838,839
217,810,811,838
217,218,245,838
217,218,811,838
205,798,824,825
205,231,232,825
205,231,824,825
202,795,821,849
202,228,256,849
202,228,821,849
219,812,839,840
219,246,247,840
219,246,839,840
218,811,812,839
218,219,246,839
218,219,812,839
204,797,823,824
204,230,231,824
204,230,823,824
220,813,840,841
220,247,248,841
220,247,840,841
219,812,813,840
219,220,247,840
219,220,813,840
203,796,822,823
203,229,230,823
203,229,822,823
227,820,821,848
227,228,255,848
227,228,821,848
220,813,814,841
220,221,248,841
220,221,814,841
221,814,841,842
221,248,249,842
221,248,841,842
202,795,822,849
202,229,256,849
202,229,822,849
226,819,820,847
226,227,254,847
226,227,820,847
222,815,842,843
222,249,250,843
222,249,842,843
221,814,815,842
221,222,249,842
221,222,815,842
228,821,848,849
228,255,256,849
228,255,848,849
225,818,819,846
225,226,253,846
225,226,819,846
223,816,843,844
223,250,251,844
223,250,843,844
222,815,816,843
222,223,250,843
222,223,816,843
223,816,817,844
223,224,251,844
223,224,817,844
227,820,847,848
227,254,255,848
227,254,847,848
224,817,844,845
224,251,252,845
224,251,844,845
226,819,846,847
226,253,254,847
226,253,846,847
224,817,818,845
224,225,252,845
224,225,818,845
225,818,845,846
225,252,253,846
225,252,845,846
238,831,832,861
238,239,268,861
238,239,832,861
238,831,860,861
238,267,268,861
238,267,860,861
237,830,831,860
237,238,267,860
237,238,831,860
236,829,830,859
236,237,266,859
236,237,830,859
235,828,829,858
235,236,265,858
235,236,829,858
239,832,861,862
239,268,269,862
239,268,861,862
237,830,859,860
237,266,267,860
237,266,859,860
234,827,828,856
234,235,263,856
234,235,828,856
239,832,833,862
239,240,269,862
239,240,833,862
240,833,862,863
240,269,270,863
240,269,862,863
236,829,858,859
236,265,266,859
236,265,858,859
233,826,827,855
233,234,262,855
233,234,827,855
241,834,863,864
241,270,271,864
241,270,863,864
240,833,834,863
240,241,270,863
240,241,834,863
235,828,857,858
235,264,265,858
235,264,857,858
232,825,826,854
232,233,261,854
232,233,826,854
242,835,864,865
242,271,272,865
242,271,864,865
241,834,835,864
241,242,271,864
241,242,835,864
235,828,856,857
235,263,264,857
235,263,856,857
231,824,825,853
231,232,260,853
231,232,825,853
242,835,836,865
242,243,272,865
242,243,836,865
243,836,865,866
243,272,273,866
243,272,865,866
234,827,855,856
234,262,263,856
234,262,855,856
230,823,824,852
230,231,259,852
230,231,824,852
243,836,837,866
243,244,273,866
243,244,837,866
233,826,854,855
233,261,262,855
233,261,854,855
229,822,823,851
229,230,258,851
229,230,823,851
244,837,838,867
244,245,274,867
244,245,838,867
244,837,866,867
244,273,274,867
244,273,866,867
232,825,853,854
232,260,261,854
232,260,853,854
229,822,849,850
229,256,257,850
229,256,849,850
245,838,867,868
245,274,275,868
245,274,867,868
245,838,839,868
245,246,275,868
245,246,839,868
231,824,852,853
231,259,260,853
231,259,852,853
255,848,849,879
255,256,286,879
255,256,849,879
246,839,840,869
246,247,276,869
246,247,840,869
246,839,868,869
246,275,276,869
246,275,868,869
230,823,851,852
230,258,259,852
230,258,851,852
254,847,848,878
254,255,285,878
254,255,848,878
247,840,841,870
247,248,277,870
247,248,841,870
247,840,869,870
247,276,277,870
247,276,869,870
229,822,850,851
229,257,258,851
229,257,850,851
248,841,870,871
248,277,278,871
248,277,870,871
248,841,842,871
248,249,278,871
248,249,842,871
256,849,850,879
256,257,286,879
256,257,850,879
253,846,847,877
253,254,284,877
253,254,847,877
249,842,872,873
249,279,280,873
249,279,872,873
249,842,871,872
249,278,279,872
249,278,871,872
255,848,878,879
255,285,286,879
255,285,878,879
252,845,846,876
252,253,283,876
252,253,846,876
250,843,873,874
250,280,281,874
250,280,873,874
249,842,843,873
249,250,280,873
249,250,843,873
250,843,844,874
250,251,281,874
250,251,844,874
254,847,877,878
254,284,285,878
254,284,877,878
251,844,874,875
251,281,282,875
251,281,874,875
253,846,876,877
253,283,284,877
253,283,876,877
251,844,845,875
251,252,282,875
251,252,845,875
252,845,875,876
252,282,283,876
252,282,875,876
268,861,890,891
268,297,298,891
268,297,890,891
267,860,861,890
267,268,297,890
267,268,861,890
266,859,860,889
266,267,296,889
266,267,860,889
265,858,859,888
265,266,295,888
265,266,859,888
264,857,858,887
264,265,294,887
264,265,858,887
268,861,862,891
268,269,298,891
268,269,862,891
267,860,889,890
267,296,297,890
267,296,889,890
263,856,857,886
263,264,293,886
263,264,857,886
269,862,891,892
269,298,299,892
269,298,891,892
269,862,863,892
269,270,299,892
269,270,863,892
266,859,888,889
266,295,296,889
266,295,888,889
262,855,856,885
262,263,292,885
262,263,856,885
270,863,864,893
270,271,300,893
270,271,864,893
270,863,892,893
270,299,300,893
270,299,892,893
265,858,887,888
265,294,295,888
265,294,887,888
261,854,855,884
261,262,291,884
261,262,855,884
271,864,865,894
271,272,301,894
271,272,865,894
271,864,893,894
271,300,301,894
271,300,893,894
264,857,886,887
264,293,294,887
264,293,886,887
260,853,854,883
260,261,290,883
260,261,854,883
272,865,894,895
272,301,302,895
272,301,894,895
272,865,895,896
272,302,303,896
272,302,895,896
263,856,885,886
263,292,293,886
263,292,885,886
259,852,853,882
259,260,289,882
259,260,853,882
273,866,896,897
273,303,304,897
273,303,896,897
272,865,866,896
272,273,303,896
272,273,866,896
262,855,884,885
262,291,292,885
262,291,884,885
258,851,852,881
258,259,288,881
258,259,852,881
274,867,897,898
274,304,305,898
274,304,897,898
273,866,867,897
273,274,304,897
273,274,867,897
261,854,883,884
261,290,291,884
261,290,883,884
257,850,851,880
257,258,287,880
257,258,851,880
274,867,868,898
274,275,305,898
274,275,868,898
275,868,898,899
275,305,306,899
275,305,898,899
260,853,882,883
260,289,290,883
260,289,882,883
257,850,879,910
257,286,317,910
257,286,879,910
276,869,899,900
276,306,307,900
276,306,899,900
275,868,869,899
275,276,306,899
275,276,869,899
259,852,881,882
259,288,289,882
259,288,881,882
285,878,879,909
285,286,316,909
285,286,879,909
277,870,900,901
277,307,308,901
277,307,900,901
276,869,870,900
276,277,307,900
276,277,870,900
258,851,880,881
258,287,288,881
258,287,880,881
284,877,878,908
284,285,315,908
284,285,878,908
277,870,871,901
277,278,308,901
277,278,871,901
278,871,901,902
278,308,309,902
278,308,901,902
257,850,880,910
257,287,317,910
257,287,880,910
283,876,877,907
283,284,314,907
283,284,877,907
279,872,902,903
279,309,310,903
279,309,902,903
278,871,872,902
278,279,309,902
278,279,872,902
286,879,909,910
286,316,317,910
286,316,909,910
282,875,876,906
282,283,313,906
282,283,876,906
280,873,903,904
280,310,311,904
280,310,903,904
279,872,873,903
279,280,310,903
279,280,873,903
285,878,908,909
285,315,316,909
285,315,908,909
280,873,874,904
280,281,311,904
280,281,874,904
281,874,904,905
281,311,312,905
281,311,904,905
284,877,907,908
284,314,315,908
284,314,907,908
281,874,875,905
281,282,312,905
281,282,875,905
283,876,906,907
283,313,314,907
283,313,906,907
282,875,905,906
282,312,313,906
282,312,905,906
296,889,890,921
296,297,328,921
296,297,890,921
295,888,889,920
295,296,327,920
295,296,889,920
294,887,888,919
294,295,326,919
294,295,888,919
293,886,887,918
293,294,325,918
293,294,887,918
297,890,921,922
297,328,329,922
297,328,921,922
297,890,891,922
297,298,329,922
297,298,891,922
298,891,892,923
298,299,330,923
298,299,892,923
298,891,922,923
298,329,330,923
298,329,922,923
296,889,920,921
296,327,328,921
296,327,920,921
292,885,886,917
292,293,324,917
292,293,886,917
299,892,923,924
299,330,331,924
299,330,923,924
299,892,893,924
299,300,331,924
299,300,893,924
295,888,919,920
295,326,327,920
295,326,919,920
291,884,885,916
291,292,323,916
291,292,885,916
300,893,894,925
300,301,332,925
300,301,894,925
300,893,924,925
300,331,332,925
300,331,924,925
294,887,918,919
294,325,326,919
294,325,918,919
290,883,884,915
290,291,322,915
290,291,884,915
301,894,895,926
301,302,333,926
301,302,895,926
301,894,925,926
301,332,333,926
301,332,925,926
293,886,917,918
293,324,325,918
293,324,917,918
289,882,883,914
289,290,321,914
289,290,883,914
302,895,926,927
302,333,334,927
302,333,926,927
302,895,927,928
302,334,335,928
302,334,927,928
292,885,916,917
292,323,324,917
292,323,916,917
288,881,882,913
288,289,320,913
288,289,882,913
303,896,928,929
303,335,336,929
303,335,928,929
302,895,896,928
302,303,335,928
302,303,896,928
291,884,915,916
291,322,323,916
291,322,915,916
287,880,881,912
287,288,319,912
287,288,881,912
304,897,929,930
304,336,337,930
304,336,929,930
303,896,897,929
303,304,336,929
303,304,897,929
290,883,914,915
290,321,322,915
290,321,914,915
287,880,910,911
287,317,318,911
287,317,910,911
304,897,898,930
304,305,337,930
304,305,898,930
305,898,930,931
305,337,338,931
305,337,930,931
289,882,913,914
289,320,321,914
289,320,913,914
316,909,910,942
316,317,349,942
316,317,910,942
306,899,931,932
306,338,339,932
306,338,931,932
305,898,899,931
305,306,338,931
305,306,899,931
288,881,912,913
288,319,320,913
288,319,912,913
315,908,909,941
315,316,348,941
315,316,909,941
307,900,932,933
307,339,340,933
307,339,932,933
306,899,900,932
306,307,339,932
306,307,900,932
287,880,911,912
287,318,319,912
287,318,911,912
314,907,908,940
314,315,347,940
314,315,908,940
307,900,901,933
307,308,340,933
307,308,901,933
308,901,933,934
308,340,341,934
308,340,933,934
317,910,911,942
317,318,349,942
317,318,911,942
313,906,907,939
313,314,346,939
313,314,907,939
309,902,934,935
309,341,342,935
309,341,934,935
308,901,902,934
308,309,341,934
308,309,902,934
316,909,941,942
316,348,349,942
316,348,941,942
312,905,906,938
312,313,345,938
312,313,906,938
310,903,935,936
310,342,343,936
310,342,935,936
309,902,903,935
309,310,342,935
309,310,903,935
315,908,940,941
315,347,348,941
315,347,940,941
310,903,904,936
310,311,343,936
310,311,904,936
311,904,936,937
311,343,344,937
311,343,936,937
314,907,939,940
314,346,347,940
314,346,939,940
311,904,905,937
311,312,344,937
311,312,905,937
313,906,938,939
313,345,346,939
313,345,938,939
312,905,937,938
312,344,345,938
312,344,937,938
328,921,922,953
328,329,360,953
328,329,922,953
327,920,921,952
327,328,359,952
327,328,921,952
326,919,920,951
326,327,358,951
326,327,920,951
325,918,919,950
325,326,357,950
325,326,919,950
329,922,953,954
329,360,361,954
329,360,953,954
329,922,923,954
329,330,361,954
329,330,923,954
330,923,924,955
330,331,362,955
330,331,924,955
330,923,954,955
330,361,362,955
330,361,954,955
328,921,952,953
328,359,360,953
328,359,952,953
324,917,918,949
324,325,356,949
324,325,918,949
331,924,955,956
331,362,363,956
331,362,955,956
331,924,925,956
331,332,363,956
331,332,925,956
327,920,951,952
327,358,359,952
327,358,951,952
323,916,917,948
323,324,355,948
323,324,917,948
332,925,926,957
332,333,364,957
332,333,926,957
332,925,956,957
332,363,364,957
332,363,956,957
326,919,950,951
326,357,358,951
326,357,950,951
322,915,916,947
322,323,354,947
322,323,916,947
333,926,927,958
333,334,365,958
333,334,927,958
333,926,957,958
333,364,365,958
333,364,957,958
325,918,949,950
325,356,357,950
325,356,949,950
321,914,915,946
321,322,353,946
321,322,915,946
334,927,959,960
334,366,367,960
334,366,959,960
334,927,958,959
334,365,366,959
334,365,958,959
324,917,948,949
324,355,356,949
324,355,948,949
320,913,914,945
320,321,352,945
320,321,914,945
335,928,960,961
335,367,368,961
335,367,960,961
334,927,928,960
334,335,367,960
334,335,928,960
323,916,947,948
323,354,355,948
323,354,947,948
319,912,913,944
319,320,351,944
319,320,913,944
336,929,961,962
336,368,369,962
336,368,961,962
335,928,929,961
335,336,368,961
335,336,929,961
322,915,946,947
322,353,354,947
322,353,946,947
318,911,912,943
318,319,350,943
318,319,912,943
336,929,930,962
336,337,369,962
336,337,930,962
337,930,962,963
337,369,370,963
337,369,962,963
321,914,945,946
321,352,353,946
321,352,945,946
318,911,942,975
318,349,382,975
318,349,942,975
338,931,963,964
338,370,371,964
338,370,963,964
337,930,931,963
337,338,370,963
337,338,931,963
320,913,944,945
320,351,352,945
320,351,944,945
348,941,942,974
348,349,381,974
348,349,942,974
339,932,964,965
339,371,372,965
339,371,964,965
338,931,932,964
338,339,371,964
338,339,932,964
319,912,943,944
319,350,351,944
319,350,943,944
347,940,941,973
347,348,380,973
347,348,941,973
339,932,933,965
339,340,372,965
339,340,933,965
340,933,965,966
340,372,373,966
340,372,965,966
318,911,943,975
318,350,382,975
318,350,943,975
346,939,940,972
346,347,379,972
346,347,940,972
341,934,966,967
341,373,374,967
341,373,966,967
340,933,934,966
340,341,373,966
340,341,934,966
349,942,974,975
349,381,382,975
349,381,974,975
345,938,939,971
345,346,378,971
345,346,939,971
342,935,967,968
342,374,375,968
342,374,967,968
341,934,935,967
341,342,374,967
341,342,935,967
348,941,973,974
348,380,381,974
348,380,973,974
343,936,968,969
343,375,376,969
343,375,968,969
342,935,936,968
342,343,375,968
342,343,936,968
343,936,937,969
343,344,376,969
343,344,937,969
347,940,972,973
347,379,380,973
347,379,972,973
344,937,969,970
344,376,377,970
344,376,969,970
346,939,971,972
346,378,379,972
346,378,971,972
344,937,938,970
344,345,377,970
344,345,938,970
345,938,970,971
345,377,378,971
345,377,970,971
360,953,954,987
360,361,394,987
360,361,954,987
359,952,953,986
359,360,393,986
359,360,953,986
358,951,952,985
358,359,392,985
358,359,952,985
357,950,951,984
357,358,391,984
357,358,951,984
361,954,987,988
361,394,395,988
361,394,987,988
361,954,955,988
361,362,395,988
361,362,955,988
362,955,956,989
362,363,396,989
362,363,956,989
362,955,988,989
362,395,396,989
362,395,988,989
360,953,986,987
360,393,394,987
360,393,986,987
356,949,950,983
356,357,390,983
356,357,950,983
363,956,957,990
363,364,397,990
363,364,957,990
363,956,989,990
363,396,397,990
363,396,989,990
359,952,985,986
359,392,393,986
359,392,985,986
355,948,949,982
355,356,389,982
355,356,949,982
364,957,990,991
364,397,398,991
364,397,990,991
364,957,958,991
364,365,398,991
364,365,958,991
358,951,984,985
358,391,392,985
358,391,984,985
354,947,948,981
354,355,388,981
354,355,948,981
365,958,959,992
365,366,399,992
365,366,959,992
365,958,991,992
365,398,399,992
365,398,991,992
357,950,983,984
357,390,391,984
357,390,983,984
353,946,947,980
353,354,387,980
353,354,947,980
366,959,993,994
366,400,401,994
366,400,993,994
366,959,992,993
366,399,400,993
366,399,992,993
356,949,982,983
356,389,390,983
356,389,982,983
352,945,946,979
352,353,386,979
352,353,946,979
367,960,994,995
367,401,402,995
367,401,994,995
366,959,960,994
366,367,401,994
366,367,960,994
355,948,981,982
355,388,389,982
355,388,981,982
351,944,945,978
351,352,385,978
351,352,945,978
368,961,995,996
368,402,403,996
368,402,995,996
367,960,961,995
367,368,402,995
367,368,961,995
354,947,980,981
354,387,388,981
354,387,980,981
350,943,944,977
350,351,384,977
350,351,944,977
368,961,962,996
368,369,403,996
368,369,962,996
369,962,996,997
369,403,404,997
369,403,996,997
353,946,979,980
353,386,387,980
353,386,979,980
350,943,975,976
350,382,383,976
350,382,975,976
370,963,997,998
370,404,405,998
370,404,997,998
369,962,963,997
369,370,404,997
369,370,963,997
352,945,978,979
352,385,386,979
352,385,978,979
381,974,975,1009
381,382,416,1009
381,382,975,1009
370,963,964,998
370,371,405,998
370,371,964,998
371,964,998,999
371,405,406,999
371,405,998,999
351,944,977,978
351,384,385,978
351,384,977,978
380,973,974,1008
380,381,415,1008
380,381,974,1008
372,965,999,1000
372,406,407,1000
372,406,999,1000
371,964,965,999
371,372,406,999
371,372,965,999
350,943,976,977
350,383,384,977
350,383,976,977
379,972,973,1007
379,380,414,1007
379,380,973,1007
373,966,1000,1001
373,407,408,1001
373,407,1000,1001
372,965,966,1000
372,373,407,1000
372,373,966,1000
382,975,976,1009
382,383,416,1009
382,383,976,1009
378,971,972,1006
378,379,413,1006
378,379,972,1006
373,966,967,1001
373,374,408,1001
373,374,967,1001
374,967,1001,1002
374,408,409,1002
374,408,1001,1002
381,974,1008,1009
381,415,416,1009
381,415,1008,1009
377,970,971,1005
377,378,412,1005
377,378,971,1005
375,968,1002,1003
375,409,410,1003
375,409,1002,1003
374,967,968,1002
374,375,409,1002
374,375,968,1002
380,973,1007,1008
380,414,415,1008
380,414,1007,1008
375,968,969,1003
375,376,410,1003
375,376,969,1003
376,969,1003,1004
376,410,411,1004
376,410,1003,1004
379,972,1006,1007
379,413,414,1007
379,413,1006,1007
376,969,970,1004
376,377,411,1004
376,377,970,1004
378,971,1005,1006
378,412,413,1006
378,412,1005,1006
377,970,1004,1005
377,411,412,1005
377,411,1004,1005
395,988,1021,1022
395,428,429,1022
395,428,1021,1022
394,987,988,1021
394,395,428,1021
394,395,988,1021
393,986,987,1020
393,394,427,1020
393,394,987,1020
392,985,986,1019
392,393,426,1019
392,393,986,1019
391,984,985,1018
391,392,425,1018
391,392,985,1018
395,988,989,1022
395,396,429,1022
395,396,989,1022
396,989,1022,1023
396,429,430,1023
396,429,1022,1023
394,987,1020,1021
394,427,428,1021
394,427,1020,1021
390,983,984,1017
390,391,424,1017
390,391,984,1017
396,989,990,1023
396,397,430,1023
396,397,990,1023
397,990,1023,1024
397,430,431,1024
397,430,1023,1024
393,986,1019,1020
393,426,427,1020
393,426,1019,1020
389,982,983,1016
389,390,423,1016
389,390,983,1016
398,991,1024,1025
398,431,432,1025
398,431,1024,1025
397,990,991,1024
397,398,431,1024
397,398,991,1024
392,985,1018,1019
392,425,426,1019
392,425,1018,1019
388,981,982,1015
388,389,422,1015
388,389,982,1015
398,991,992,1025
398,399,432,1025
398,399,992,1025
399,992,1025,1026
399,432,433,1026
399,432,1025,1026
391,984,1017,1018
391,424,425,1018
391,424,1017,1018
387,980,981,1014
387,388,421,1014
387,388,981,1014
400,993,1026,1027
400,433,434,1027
400,433,1026,1027
399,992,993,1026
399,400,433,1026
399,400,993,1026
390,983,1016,1017
390,423,424,1017
390,423,1016,1017
386,979,980,1013
386,387,420,1013
386,387,980,1013
401,994,1027,1028
401,434,435,1028
401,434,1027,1028
400,993,994,1027
400,401,434,1027
400,401,994,1027
389,982,1015,1016
389,422,423,1016
389,422,1015,1016
385,978,979,1012
385,386,419,1012
385,386,979,1012
402,995,1028,1029
402,435,436,1029
402,435,1028,1029
401,994,995,1028
401,402,435,1028
401,402,995,1028
388,981,1014,1015
388,421,422,1015
388,421,1014,1015
384,977,978,1011
384,385,418,1011
384,385,978,1011
403,996,1029,1030
403,436,437,1030
403,436,1029,1030
402,995,996,1029
402,403,436,1029
402,403,996,1029
387,980,1013,1014
387,420,421,1014
387,420,1013,1014
383,976,977,1010
383,384,417,1010
383,384,977,1010
404,997,1030,1031
404,437,438,1031
404,437,1030,1031
403,996,997,1030
403,404,437,1030
403,404,997,1030
386,979,1012,1013
386,419,420,1013
386,419,1012,1013
383,976,1009,1043
383,416,450,1043
383,416,1009,1043
404,997,998,1031
404,405,438,1031
404,405,998,1031
405,998,1031,1032
405,438,439,1032
405,438,1031,1032
385,978,1011,1012
385,418,419,1012
385,418,1011,1012
415,1008,1009,1042
415,416,449,1042
415,416,1009,1042
406,999,1032,1033
406,439,440,1033
406,439,1032,1033
405,998,999,1032
405,406,439,1032
405,406,999,1032
384,977,1010,1011
384,417,418,1011
384,417,1010,1011
414,1007,1008,1041
414,415,448,1041
414,415,1008,1041
406,999,1000,1033
406,407,440,1033
406,407,1000,1033
407,1000,1033,1034
407,440,441,1034
407,440,1033,1034
383,976,1010,1043
383,417,450,1043
383,417,1010,1043
413,1006,1007,1040
413,414,447,1040
413,414,1007,1040
408,1001,1034,1035
408,441,442,1035
408,441,1034,1035
407,1000,1001,1034
407,408,441,1034
407,408,1001,1034
416,1009,1042,1043
416,449,450,1043
416,449,1042,1043
412,1005,1006,1039
412,413,446,1039
412,413,1006,1039
409,1002,1035,1036
409,442,443,1036
409,442,1035,1036
408,1001,1002,1035
408,409,442,1035
408,409,1002,1035
415,1008,1041,1042
415,448,449,1042
415,448,1041,1042
411,1004,1005,1038
411,412,445,1038
411,412,1005,1038
410,1003,1036,1037
410,443,444,1037
410,443,1036,1037
409,1002,1003,1036
409,410,443,1036
409,410,1003,1036
414,1007,1040,1041
414,447,448,1041
414,447,1040,1041
410,1003,1004,1037
410,411,444,1037
410,411,1004,1037
413,1006,1039,1040
413,446,447,1040
413,446,1039,1040
411,1004,1037,1038
411,444,445,1038
411,444,1037,1038
412,1005,1038,1039
412,445,446,1039
412,445,1038,1039
427,1020,1021,1055
427,428,462,1055
427,428,1021,1055
426,1019,1020,1054
426,427,461,1054
426,427,1020,1054
425,1018,1019,1053
425,426,460,1053
425,426,1019,1053
424,1017,1018,1052
424,425,459,1052
424,425,1018,1052
428,1021,1055,1056
428,462,463,1056
428,462,1055,1056
428,1021,1022,1056
428,429,463,1056
428,429,1022,1056
429,1022,1023,1057
429,430,464,1057
429,430,1023,1057
429,1022,1056,1057
429,463,464,1057
429,463,1056,1057
427,1020,1054,1055
427,461,462,1055
427,461,1054,1055
423,1016,1017,1051
423,424,458,1051
423,424,1017,1051
430,1023,1057,1058
430,464,465,1058
430,464,1057,1058
430,1023,1024,1058
430,431,465,1058
430,431,1024,1058
426,1019,1053,1054
426,460,461,1054
426,460,1053,1054
422,1015,1016,1050
422,423,457,1050
422,423,1016,1050
431,1024,1025,1059
431,432,466,1059
431,432,1025,1059
431,1024,1058,1059
431,465,466,1059
431,465,1058,1059
425,1018,1052,1053
425,459,460,1053
425,459,1052,1053
421,1014,1015,1049
421,422,456,1049
421,422,1015,1049
432,1025,1059,1060
432,466,467,1060
432,466,1059,1060
432,1025,1026,1060
432,433,467,1060
432,433,1026,1060
424,1017,1051,1052
424,458,459,1052
424,458,1051,1052
420,1013,1014,1048
420,421,455,1048
420,421,1014,1048
433,1026,1061,1062
433,468,469,1062
433,468,1061,1062
433,1026,1060,1061
433,467,468,1061
433,467,1060,1061
423,1016,1050,1051
423,457,458,1051
423,457,1050,1051
419,1012,1013,1047
419,420,454,1047
419,420,1013,1047
434,1027,1062,1063
434,469,470,1063
434,469,1062,1063
433,1026,1027,1062
433,434,469,1062
433,434,1027,1062
422,1015,1049,1050
422,456,457,1050
422,456,1049,1050
418,1011,1012,1046
418,419,453,1046
418,419,1012,1046
435,1028,1063,1064
435,470,471,1064
435,470,1063,1064
434,1027,1028,1063
434,435,470,1063
434,435,1028,1063
421,1014,1048,1049
421,455,456,1049
421,455,1048,1049
417,1010,1011,1045
417,418,452,1045
417,418,1011,1045
436,1029,1064,1065
436,471,472,1065
436,471,1064,1065
435,1028,1029,1064
435,436,471,1064
435,436,1029,1064
420,1013,1047,1048
420,454,455,1048
420,454,1047,1048
417,1010,1043,1044
417,450,451,1044
417,450,1043,1044
437,1030,1065,1066
437,472,473,1066
437,472,1065,1066
436,1029,1030,1065
436,437,472,1065
436,437,1030,1065
419,1012,1046,1047
419,453,454,1047
419,453,1046,1047
449,1042,1043,1078
449,450,485,1078
449,450,1043,1078
437,1030,1031,1066
437,438,473,1066
437,438,1031,1066
438,1031,1066,1067
438,473,474,1067
438,473,1066,1067
418,1011,1045,1046
418,452,453,1046
418,452,1045,1046
448,1041,1042,1077
448,449,484,1077
448,449,1042,1077
439,1032,1067,1068
439,474,475,1068
439,474,1067,1068
438,1031,1032,1067
438,439,474,1067
438,439,1032,1067
417,1010,1044,1045
417,451,452,1045
417,451,1044,1045
447,1040,1041,1076
447,448,483,1076
447,448,1041,1076
439,1032,1033,1068
439,440,475,1068
439,440,1033,1068
440,1033,1068,1069
440,475,476,1069
440,475,1068,1069
450,1043,1044,1078
450,451,485,1078
450,451,1044,1078
446,1039,1040,1075
446,447,482,1075
446,447,1040,1075
441,1034,1069,1070
441,476,477,1070
441,476,1069,1070
440,1033,1034,1069
440,441,476,1069
440,441,1034,1069
449,1042,1077,1078
449,484,485,1078
449,484,1077,1078
445,1038,1039,1074
445,446,481,1074
445,446,1039,1074
442,1035,1070,1071
442,477,478,1071
442,477,1070,1071
441,1034,1035,1070
441,442,477,1070
441,442,1035,1070
448,1041,1076,1077
448,483,484,1077
448,483,1076,1077
443,1036,1071,1072
443,478,479,1072
443,478,1071,1072
442,1035,1036,1071
442,443,478,1071
442,443,1036,1071
443,1036,1037,1072
443,444,479,1072
443,444,1037,1072
447,1040,1075,1076
447,482,483,1076
447,482,1075,1076
444,1037,1072,1073
444,479,480,1073
444,479,1072,1073
446,1039,1074,1075
446,481,482,1075
446,481,1074,1075
444,1037,1038,1073
444,445,480,1073
444,445,1038,1073
445,1038,1073,1074
445,480,481,1074
445,480,1073,1074
462,1055,1056,1090
462,463,497,1090
462,463,1056,1090
461,1054,1055,1089
461,462,496,1089
461,462,1055,1089
460,1053,1054,1088
460,461,495,1088
460,461,1054,1088
459,1052,1053,1087
459,460,494,1087
459,460,1053,1087
463,1056,1090,1091
463,497,498,1091
463,497,1090,1091
463,1056,1057,1091
463,464,498,1091
463,464,1057,1091
464,1057,1091,1092
464,498,499,1092
464,498,1091,1092
462,1055,1089,1090
462,496,497,1090
462,496,1089,1090
458,1051,1052,1086
458,459,493,1086
458,459,1052,1086
465,1058,1092,1093
465,499,500,1093
465,499,1092,1093
464,1057,1058,1092
464,465,499,1092
464,465,1058,1092
461,1054,1088,1089
461,495,496,1089
461,495,1088,1089
457,1050,1051,1085
457,458,492,1085
457,458,1051,1085
466,1059,1093,1094
466,500,501,1094
466,500,1093,1094
465,1058,1059,1093
465,466,500,1093
465,466,1059,1093
460,1053,1087,1088
460,494,495,1088
460,494,1087,1088
456,1049,1050,1084
456,457,491,1084
456,457,1050,1084
466,1059,1060,1094
466,467,501,1094
466,467,1060,1094
467,1060,1094,1095
467,501,502,1095
467,501,1094,1095
459,1052,1086,1087
459,493,494,1087
459,493,1086,1087
455,1048,1049,1083
455,456,490,1083
455,456,1049,1083
468,1061,1095,1096
468,502,503,1096
468,502,1095,1096
467,1060,1061,1095
467,468,502,1095
467,468,1061,1095
458,1051,1085,1086
458,492,493,1086
458,492,1085,1086
454,1047,1048,1082
454,455,489,1082
454,455,1048,1082
469,1062,1096,1097
469,503,504,1097
469,503,1096,1097
468,1061,1062,1096
468,469,503,1096
468,469,1062,1096
457,1050,1084,1085
457,491,492,1085
457,491,1084,1085
453,1046,1047,1081
453,454,488,1081
453,454,1047,1081
470,1063,1097,1098
470,504,505,1098
470,504,1097,1098
469,1062,1063,1097
469,470,504,1097
469,470,1063,1097
456,1049,1083,1084
456,490,491,1084
456,490,1083,1084
452,1045,1046,1080
452,453,487,1080
452,453,1046,1080
470,1063,1064,1098
470,471,505,1098
470,471,1064,1098
471,1064,1098,1099
471,505,506,1099
471,505,1098,1099
455,1048,1082,1083
455,489,490,1083
455,489,1082,1083
451,1044,1045,1079
451,452,486,1079
451,452,1045,1079
472,1065,1099,1100
472,506,507,1100
472,506,1099,1100
471,1064,1065,1099
471,472,506,1099
471,472,1065,1099
454,1047,1081,1082
454,488,489,1082
454,488,1081,1082
451,1044,1078,1113
451,485,520,1113
451,485,1078,1113
473,1066,1100,1101
473,507,508,1101
473,507,1100,1101
472,1065,1066,1100
472,473,507,1100
472,473,1066,1100
453,1046,1080,1081
453,487,488,1081
453,487,1080,1081
484,1077,1078,1112
484,485,519,1112
484,485,1078,1112
473,1066,1067,1101
473,474,508,1101
473,474,1067,1101
474,1067,1101,1102
474,508,509,1102
474,508,1101,1102
452,1045,1079,1080
452,486,487,1080
452,486,1079,1080
483,1076,1077,1111
483,484,518,1111
483,484,1077,1111
475,1068,1102,1103
475,509,510,1103
475,509,1102,1103
474,1067,1068,1102
474,475,509,1102
474,475,1068,1102
451,1044,1079,1113
451,486,520,1113
451,486,1079,1113
482,1075,1076,1110
482,483,517,1110
482,483,1076,1110
476,1069,1103,1104
476,510,511,1104
476,510,1103,1104
475,1068,1069,1103
475,476,510,1103
475,476,1069,1103
485,1078,1112,1113
485,519,520,1113
485,519,1112,1113
481,1074,1075,1109
481,482,516,1109
481,482,1075,1109
476,1069,1070,1104
476,477,511,1104
476,477,1070,1104
477,1070,1104,1105
477,511,512,1105
477,511,1104,1105
484,1077,1111,1112
484,518,519,1112
484,518,1111,1112
480,1073,1074,1108
480,481,515,1108
480,481,1074,1108
478,1071,1105,1106
478,512,513,1106
478,512,1105,1106
477,1070,1071,1105
477,478,512,1105
477,478,1071,1105
483,1076,1110,1111
483,517,518,1111
483,517,1110,1111
478,1071,1072,1106
478,479,513,1106
478,479,1072,1106
479,1072,1106,1107
479,513,514,1107
479,513,1106,1107
482,1075,1109,1110
482,516,517,1110
482,516,1109,1110
479,1072,1073,1107
479,480,514,1107
479,480,1073,1107
481,1074,1108,1109
481,515,516,1109
481,515,1108,1109
480,1073,1107,1108
480,514,515,1108
480,514,1107,1108
496,1089,1090,1161
496,497,568,1161
496,497,1090,1161
495,1088,1089,1160
495,496,567,1160
495,496,1089,1160
494,1087,1088,1159
494,495,566,1159
494,495,1088,1159
493,1086,1087,1122
493,494,529,1122
493,494,1087,1122
497,1090,1126,1161
497,533,568,1161
497,533,1126,1161
497,1090,1126,1162
497,533,569,1162
497,533,1126,1162
497,1090,1091,1162
497,498,569,1162
497,498,1091,1162
498,1091,1127,1163
498,534,570,1163
498,534,1127,1163
498,1091,1127,1162
498,534,569,1162
498,534,1127,1162
496,1089,1125,1161
496,532,568,1161
496,532,1125,1161
498,1091,1092,1163
498,499,570,1163
498,499,1092,1163
496,1089,1125,1160
496,532,567,1160
496,532,1125,1160
492,1085,1086,1121
492,493,528,1121
492,493,1086,1121
499,1092,1128,1163
499,535,570,1163
499,535,1128,1163
499,1092,1128,1164
499,535,571,1164
499,535,1128,1164
495,1088,1124,1160
495,531,567,1160
495,531,1124,1160
499,1092,1093,1164
499,500,571,1164
499,500,1093,1164
495,1088,1124,1159
495,531,566,1159
495,531,1124,1159
491,1084,1085,1120
491,492,527,1120
491,492,1085,1120
500,1093,1129,1165
500,536,572,1165
500,536,1129,1165
500,1093,1129,1164
500,536,571,1164
500,536,1129,1164
494,1087,1123,1159
494,530,566,1159
494,530,1123,1159
500,1093,1094,1165
500,501,572,1165
500,501,1094,1165
494,1087,1123,1158
494,530,565,1158
494,530,1123,1158
490,1083,1084,1119
490,491,526,1119
490,491,1084,1119
501,1094,1130,1165
501,537,572,1165
501,537,1130,1165
501,1094,1130,1166
501,537,573,1166
501,537,1130,1166
494,1087,1122,1158
494,529,565,1158
494,529,1122,1158
501,1094,1095,1166
501,502,573,1166
501,502,1095,1166
493,1086,1122,1157
493,529,564,1157
493,529,1122,1157
489,1082,1083,1118
489,490,525,1118
489,490,1083,1118
502,1095,1131,1166
502,538,573,1166
502,538,1131,1166
502,1095,1131,1167
502,538,574,1167
502,538,1131,1167
493,1086,1121,1157
493,528,564,1157
493,528,1121,1157
502,1095,1096,1167
502,503,574,1167
502,503,1096,1167
492,1085,1121,1156
492,528,563,1156
492,528,1121,1156
488,1081,1082,1117
488,489,524,1117
488,489,1082,1117
503,1096,1132,1168
503,539,575,1168
503,539,1132,1168
503,1096,1132,1167
503,539,574,1167
503,539,1132,1167
492,1085,1120,1156
492,527,563,1156
492,527,1120,1156
503,1096,1097,1168
503,504,575,1168
503,504,1097,1168
491,1084,1120,1155
491,527,562,1155
491,527,1120,1155
487,1080,1081,1116
487,488,523,1116
487,488,1081,1116
504,1097,1133,1169
504,540,576,1169
504,540,1133,1169
504,1097,1133,1168
504,540,575,1168
504,540,1133,1168
491,1084,1119,1155
491,526,562,1155
491,526,1119,1155
504,1097,1098,1169
504,505,576,1169
504,505,1098,1169
490,1083,1119,1154
490,526,561,1154
490,526,1119,1154
486,1079,1080,1115
486,487,522,1115
486,487,1080,1115
505,1098,1134,1169
505,541,576,1169
505,541,1134,1169
505,1098,1134,1170
505,541,577,1170
505,541,1134,1170
490,1083,1118,1154
490,525,561,1154
490,525,1118,1154
505,1098,1099,1170
505,506,577,1170
505,506,1099,1170
489,1082,1118,1153
489,525,560,1153
489,525,1118,1153
486,1079,1113,1114
486,520,521,1114
486,520,1113,1114
506,1099,1135,1170
506,542,577,1170
506,542,1135,1170
506,1099,1135,1171
506,542,578,1171
506,542,1135,1171
489,1082,1117,1153
489,524,560,1153
489,524,1117,1153
506,1099,1100,1171
506,507,578,1171
506,507,1100,1171
488,1081,1117,1152
488,524,559,1152
488,524,1117,1152
519,1112,1113,1149
519,520,556,1149
519,520,1113,1149
507,1100,1136,1172
507,543,579,1172
507,543,1136,1172
507,1100,1136,1171
507,543,578,1171
507,543,1136,1171
488,1081,1116,1152
488,523,559,1152
488,523,1116,1152
507,1100,1101,1172
507,508,579,1172
507,508,1101,1172
487,1080,1116,1151
487,523,558,1151
487,523,1116,1151
518,1111,1112,1148
518,519,555,1148
518,519,1112,1148
508,1101,1137,1172
508,544,579,1172
508,544,1137,1172
508,1101,1137,1173
508,544,580,1173
508,544,1137,1173
487,1080,1115,1151
487,522,558,1151
487,522,1115,1151
508,1101,1102,1173
508,509,580,1173
508,509,1102,1173
486,1079,1115,1150
486,522,557,1150
486,522,1115,1150
517,1110,1111,1147
517,518,554,1147
517,518,1111,1147
509,1102,1138,1173
509,545,580,1173
509,545,1138,1173
486,1079,1114,1150
486,521,557,1150
486,521,1114,1150
509,1102,1138,1174
509,545,581,1174
509,545,1138,1174
509,1102,1103,1174
509,510,581,1174
509,510,1103,1174
520,1113,1114,1185
520,521,592,1185
520,521,1114,1185
516,1109,1110,1146
516,517,553,1146
516,517,1110,1146
510,1103,1139,1174
510,546,581,1174
510,546,1139,1174
520,1113,1149,1185
520,556,592,1185
520,556,1149,1185
510,1103,1104,1175
510,511,582,1175
510,511,1104,1175
510,1103,1139,1175
510,546,582,1175
510,546,1139,1175
519,1112,1149,1184
519,556,591,1184
519,556,1149,1184
515,1108,1109,1145
515,516,552,1145
515,516,1109,1145
511,1104,1140,1175
511,547,582,1175
511,547,1140,1175
519,1112,1148,1184
519,555,591,1184
519,555,1148,1184
511,1104,1140,1176
511,547,583,1176
511,547,1140,1176
511,1104,1105,1176
511,512,583,1176
511,512,1105,1176
518,1111,1148,1183
518,555,590,1183
518,555,1148,1183
514,1107,1108,1144
514,515,551,1144
514,515,1108,1144
512,1105,1141,1176
512,548,583,1176
512,548,1141,1176
518,1111,1147,1183
518,554,590,1183
518,554,1147,1183
512,1105,1141,1177
512,548,584,1177
512,548,1141,1177
512,1105,1142,1177
512,549,584,1177
512,549,1142,1177
517,1110,1147,1182
517,554,589,1182
517,554,1147,1182
512,1105,1106,1142
512,513,549,1142
512,513,1106,1142
517,1110,1146,1182
517,553,589,1182
517,553,1146,1182
513,1106,1142,1178
513,549,585,1178
513,549,1142,1178
516,1109,1146,1181
516,553,588,1181
516,553,1146,1181
513,1106,1143,1178
513,550,585,1178
513,550,1143,1178
516,1109,1145,1181
516,552,588,1181
516,552,1145,1181
513,1106,1107,1143
513,514,550,1143
513,514,1107,1143
515,1108,1145,1180
515,552,587,1180
515,552,1145,1180
514,1107,1143,1179
514,550,586,1179
514,550,1143,1179
515,1108,1144,1180
515,551,587,1180
515,551,1144,1180
514,1107,1144,1179
514,551,586,1179
514,551,1144,1179
