192, 64, 65, 193
193, 160, 161, 65
193, 160, 64, 65
196, 65, 66, 197
197, 161, 162, 66
197, 161, 65, 66
200, 66, 67, 201
201, 162, 163, 67
201, 162, 66, 67
204, 67, 68, 205
205, 163, 164, 68
205, 163, 67, 68
208, 68, 69, 209
209, 164, 165, 69
209, 164, 68, 69
212, 69, 70, 213
213, 165, 166, 70
213, 165, 69, 70
216, 70, 71, 217
217, 166, 167, 71
217, 166, 70, 71
220, 71, 20, 221
221, 167, 116, 20
221, 167, 71, 20
224, 20, 72, 225
225, 116, 168, 72
225, 116, 20, 72
228, 72, 21, 229
229, 168, 117, 21
229, 168, 72, 21
232, 21, 73, 233
233, 117, 169, 73
233, 117, 21, 73
236, 73, 22, 237
237, 169, 118, 22
237, 169, 73, 22
240, 22, 23, 241
241, 118, 119, 23
241, 118, 22, 23
244, 23, 24, 245
245, 119, 120, 24
245, 119, 23, 24
248, 24, 25, 249
249, 120, 121, 25
249, 120, 24, 25
252, 25, 26, 253
253, 121, 122, 26
253, 121, 25, 26
256, 26, 27, 257
257, 122, 123, 27
257, 122, 26, 27
260, 27, 28, 261
261, 123, 124, 28
261, 123, 27, 28
264, 28, 29, 265
265, 124, 125, 29
265, 124, 28, 29
268, 29, 30, 269
269, 125, 126, 30
269, 125, 29, 30
272, 30, 31, 273
273, 126, 127, 31
273, 126, 30, 31
276, 31, 32, 277
277, 127, 128, 32
277, 127, 31, 32
280, 32, 1, 281
281, 128, 97, 1
281, 128, 32, 1
284, 1, 2, 285
285, 97, 98, 2
285, 97, 1, 2
288, 2, 3, 289
289, 98, 99, 3
289, 98, 2, 3
292, 3, 4, 293
293, 99, 100, 4
293, 99, 3, 4
296, 4, 5, 297
297, 100, 101, 5
297, 100, 4, 5
300, 5, 6, 301
301, 101, 102, 6
301, 101, 5, 6
304, 6, 7, 305
305, 102, 103, 7
305, 102, 6, 7
308, 7, 0, 309
309, 103, 96, 0
309, 103, 7, 0
312, 0, 8, 313
313, 96, 104, 8
313, 96, 0, 8
316, 8, 9, 317
317, 104, 105, 9
317, 104, 8, 9
320, 9, 10, 321
321, 105, 106, 10
321, 105, 9, 10
324, 10, 11, 325
325, 106, 107, 11
325, 106, 10, 11
328, 11, 12, 329
329, 107, 108, 12
329, 107, 11, 12
332, 12, 13, 333
333, 108, 109, 13
333, 108, 12, 13
336, 13, 14, 337
337, 109, 110, 14
337, 109, 13, 14
340, 14, 15, 341
341, 110, 111, 15
341, 110, 14, 15
344, 15, 16, 345
345, 111, 112, 16
345, 111, 15, 16
348, 16, 17, 349
349, 112, 113, 17
349, 112, 16, 17
352, 17, 33, 353
353, 113, 129, 33
353, 113, 17, 33
356, 33, 34, 357
357, 129, 130, 34
357, 129, 33, 34
360, 34, 35, 361
361, 130, 131, 35
361, 130, 34, 35
364, 35, 36, 365
365, 131, 132, 36
365, 131, 35, 36
368, 36, 37, 369
369, 132, 133, 37
369, 132, 36, 37
372, 37, 38, 373
373, 133, 134, 38
373, 133, 37, 38
376, 38, 39, 377
377, 134, 135, 39
377, 134, 38, 39
380, 39, 40, 381
381, 135, 136, 40
381, 135, 39, 40
384, 40, 41, 385
385, 136, 137, 41
385, 136, 40, 41
388, 41, 42, 389
389, 137, 138, 42
389, 137, 41, 42
392, 42, 74, 393
393, 138, 170, 74
393, 138, 42, 74
396, 74, 18, 397
397, 170, 114, 18
397, 170, 74, 18
400, 18, 43, 401
401, 114, 139, 43
401, 114, 18, 43
404, 43, 19, 405
405, 139, 115, 19
405, 139, 43, 19
408, 19, 44, 409
409, 115, 140, 44
409, 115, 19, 44
412, 44, 45, 413
413, 140, 141, 45
413, 140, 44, 45
416, 45, 46, 417
417, 141, 142, 46
417, 141, 45, 46
420, 46, 47, 421
421, 142, 143, 47
421, 142, 46, 47
424, 47, 48, 425
425, 143, 144, 48
425, 143, 47, 48
428, 48, 49, 429
429, 144, 145, 49
429, 144, 48, 49
432, 49, 50, 433
433, 145, 146, 50
433, 145, 49, 50
436, 50, 51, 437
437, 146, 147, 51
437, 146, 50, 51
440, 51, 52, 441
441, 147, 148, 52
441, 147, 51, 52
444, 52, 53, 445
445, 148, 149, 53
445, 148, 52, 53
448, 53, 54, 449
449, 149, 150, 54
449, 149, 53, 54
452, 54, 75, 453
453, 150, 171, 75
453, 150, 54, 75
456, 75, 55, 457
457, 171, 151, 55
457, 171, 75, 55
460, 55, 76, 461
461, 151, 172, 76
461, 151, 55, 76
464, 76, 56, 465
465, 172, 152, 56
465, 172, 76, 56
468, 56, 77, 469
469, 152, 173, 77
469, 152, 56, 77
472, 77, 57, 473
473, 173, 153, 57
473, 173, 77, 57
476, 57, 78, 477
477, 153, 174, 78
477, 153, 57, 78
480, 78, 79, 481
481, 174, 175, 79
481, 174, 78, 79
484, 79, 80, 485
485, 175, 176, 80
485, 175, 79, 80
488, 80, 81, 489
489, 176, 177, 81
489, 176, 80, 81
492, 81, 82, 493
493, 177, 178, 82
493, 177, 81, 82
496, 82, 83, 497
497, 178, 179, 83
497, 178, 82, 83
500, 83, 84, 501
501, 179, 180, 84
501, 179, 83, 84
504, 84, 85, 505
505, 180, 181, 85
505, 180, 84, 85
508, 85, 86, 509
509, 181, 182, 86
509, 181, 85, 86
512, 86, 87, 513
513, 182, 183, 87
513, 182, 86, 87
516, 87, 88, 517
517, 183, 184, 88
517, 183, 87, 88
520, 88, 89, 521
521, 184, 185, 89
521, 184, 88, 89
524, 89, 90, 525
525, 185, 186, 90
525, 185, 89, 90
528, 90, 91, 529
529, 186, 187, 91
529, 186, 90, 91
532, 91, 92, 533
533, 187, 188, 92
533, 187, 91, 92
536, 92, 93, 537
537, 188, 189, 93
537, 188, 92, 93
540, 93, 94, 541
541, 189, 190, 94
541, 189, 93, 94
544, 94, 95, 545
545, 190, 191, 95
545, 190, 94, 95
548, 95, 58, 549
549, 191, 154, 58
549, 191, 95, 58
552, 58, 59, 553
553, 154, 155, 59
553, 154, 58, 59
556, 59, 60, 557
557, 155, 156, 60
557, 155, 59, 60
560, 60, 61, 561
561, 156, 157, 61
561, 156, 60, 61
564, 61, 62, 565
565, 157, 158, 62
565, 157, 61, 62
568, 62, 63, 569
569, 158, 159, 63
569, 158, 62, 63
572, 63, 64, 573
573, 159, 160, 64
573, 159, 63, 64
192, 65, 194, 193
193, 161, 195, 194
193, 161, 65, 194
194, 65, 196, 197
195, 161, 197, 194
194, 65, 161, 197
196, 66, 198, 197
197, 162, 199, 198
197, 162, 66, 198
198, 66, 200, 201
199, 162, 201, 198
198, 66, 162, 201
200, 67, 202, 201
201, 163, 203, 202
201, 163, 67, 202
202, 67, 204, 205
203, 163, 205, 202
202, 67, 163, 205
204, 68, 206, 205
205, 164, 207, 206
205, 164, 68, 206
206, 68, 208, 209
207, 164, 209, 206
206, 68, 164, 209
208, 69, 210, 209
209, 165, 211, 210
209, 165, 69, 210
210, 69, 212, 213
211, 165, 213, 210
210, 69, 165, 213
212, 70, 214, 213
213, 166, 215, 214
213, 166, 70, 214
214, 70, 216, 217
215, 166, 217, 214
214, 70, 166, 217
216, 71, 218, 217
217, 167, 219, 218
217, 167, 71, 218
218, 71, 220, 221
219, 167, 221, 218
218, 71, 167, 221
220, 20, 222, 221
221, 116, 223, 222
221, 116, 20, 222
222, 20, 224, 225
223, 116, 225, 222
222, 20, 116, 225
224, 72, 226, 225
225, 168, 227, 226
225, 168, 72, 226
226, 72, 228, 229
227, 168, 229, 226
226, 72, 168, 229
228, 21, 230, 229
229, 117, 231, 230
229, 117, 21, 230
230, 21, 232, 233
231, 117, 233, 230
230, 21, 117, 233
232, 73, 234, 233
233, 169, 235, 234
233, 169, 73, 234
234, 73, 236, 237
235, 169, 237, 234
234, 73, 169, 237
236, 22, 238, 237
237, 118, 239, 238
237, 118, 22, 238
238, 22, 240, 241
239, 118, 241, 238
238, 22, 118, 241
240, 23, 242, 241
241, 119, 243, 242
241, 119, 23, 242
242, 23, 244, 245
243, 119, 245, 242
242, 23, 119, 245
244, 24, 246, 245
245, 120, 247, 246
245, 120, 24, 246
246, 24, 248, 249
247, 120, 249, 246
246, 24, 120, 249
248, 25, 250, 249
249, 121, 251, 250
249, 121, 25, 250
250, 25, 252, 253
251, 121, 253, 250
250, 25, 121, 253
252, 26, 254, 253
253, 122, 255, 254
253, 122, 26, 254
254, 26, 256, 257
255, 122, 257, 254
254, 26, 122, 257
256, 27, 258, 257
257, 123, 259, 258
257, 123, 27, 258
258, 27, 260, 261
259, 123, 261, 258
258, 27, 123, 261
260, 28, 262, 261
261, 124, 263, 262
261, 124, 28, 262
262, 28, 264, 265
263, 124, 265, 262
262, 28, 124, 265
264, 29, 266, 265
265, 125, 267, 266
265, 125, 29, 266
266, 29, 268, 269
267, 125, 269, 266
266, 29, 125, 269
268, 30, 270, 269
269, 126, 271, 270
269, 126, 30, 270
270, 30, 272, 273
271, 126, 273, 270
270, 30, 126, 273
272, 31, 274, 273
273, 127, 275, 274
273, 127, 31, 274
274, 31, 276, 277
275, 127, 277, 274
274, 31, 127, 277
276, 32, 278, 277
277, 128, 279, 278
277, 128, 32, 278
278, 32, 280, 281
279, 128, 281, 278
278, 32, 128, 281
280, 1, 282, 281
281, 97, 283, 282
281, 97, 1, 282
282, 1, 284, 285
283, 97, 285, 282
282, 1, 97, 285
284, 2, 286, 285
285, 98, 287, 286
285, 98, 2, 286
286, 2, 288, 289
287, 98, 289, 286
286, 2, 98, 289
288, 3, 290, 289
289, 99, 291, 290
289, 99, 3, 290
290, 3, 292, 293
291, 99, 293, 290
290, 3, 99, 293
292, 4, 294, 293
293, 100, 295, 294
293, 100, 4, 294
294, 4, 296, 297
295, 100, 297, 294
294, 4, 100, 297
296, 5, 298, 297
297, 101, 299, 298
297, 101, 5, 298
298, 5, 300, 301
299, 101, 301, 298
298, 5, 101, 301
300, 6, 302, 301
301, 102, 303, 302
301, 102, 6, 302
302, 6, 304, 305
303, 102, 305, 302
302, 6, 102, 305
304, 7, 306, 305
305, 103, 307, 306
305, 103, 7, 306
306, 7, 308, 309
307, 103, 309, 306
306, 7, 103, 309
308, 0, 310, 309
309, 96, 311, 310
309, 96, 0, 310
310, 0, 312, 313
311, 96, 313, 310
310, 0, 96, 313
312, 8, 314, 313
313, 104, 315, 314
313, 104, 8, 314
314, 8, 316, 317
315, 104, 317, 314
314, 8, 104, 317
316, 9, 318, 317
317, 105, 319, 318
317, 105, 9, 318
318, 9, 320, 321
319, 105, 321, 318
318, 9, 105, 321
320, 10, 322, 321
321, 106, 323, 322
321, 106, 10, 322
322, 10, 324, 325
323, 106, 325, 322
322, 10, 106, 325
324, 11, 326, 325
325, 107, 327, 326
325, 107, 11, 326
326, 11, 328, 329
327, 107, 329, 326
326, 11, 107, 329
328, 12, 330, 329
329, 108, 331, 330
329, 108, 12, 330
330, 12, 332, 333
331, 108, 333, 330
330, 12, 108, 333
332, 13, 334, 333
333, 109, 335, 334
333, 109, 13, 334
334, 13, 336, 337
335, 109, 337, 334
334, 13, 109, 337
336, 14, 338, 337
337, 110, 339, 338
337, 110, 14, 338
338, 14, 340, 341
339, 110, 341, 338
338, 14, 110, 341
340, 15, 342, 341
341, 111, 343, 342
341, 111, 15, 342
342, 15, 344, 345
343, 111, 345, 342
342, 15, 111, 345
344, 16, 346, 345
345, 112, 347, 346
345, 112, 16, 346
346, 16, 348, 349
347, 112, 349, 346
346, 16, 112, 349
348, 17, 350, 349
349, 113, 351, 350
349, 113, 17, 350
350, 17, 352, 353
351, 113, 353, 350
350, 17, 113, 353
352, 33, 354, 353
353, 129, 355, 354
353, 129, 33, 354
354, 33, 356, 357
355, 129, 357, 354
354, 33, 129, 357
356, 34, 358, 357
357, 130, 359, 358
357, 130, 34, 358
358, 34, 360, 361
359, 130, 361, 358
358, 34, 130, 361
360, 35, 362, 361
361, 131, 363, 362
361, 131, 35, 362
362, 35, 364, 365
363, 131, 365, 362
362, 35, 131, 365
364, 36, 366, 365
365, 132, 367, 366
365, 132, 36, 366
366, 36, 368, 369
367, 132, 369, 366
366, 36, 132, 369
368, 37, 370, 369
369, 133, 371, 370
369, 133, 37, 370
370, 37, 372, 373
371, 133, 373, 370
370, 37, 133, 373
372, 38, 374, 373
373, 134, 375, 374
373, 134, 38, 374
374, 38, 376, 377
375, 134, 377, 374
374, 38, 134, 377
376, 39, 378, 377
377, 135, 379, 378
377, 135, 39, 378
378, 39, 380, 381
379, 135, 381, 378
378, 39, 135, 381
380, 40, 382, 381
381, 136, 383, 382
381, 136, 40, 382
382, 40, 384, 385
383, 136, 385, 382
382, 40, 136, 385
384, 41, 386, 385
385, 137, 387, 386
385, 137, 41, 386
386, 41, 388, 389
387, 137, 389, 386
386, 41, 137, 389
388, 42, 390, 389
389, 138, 391, 390
389, 138, 42, 390
390, 42, 392, 393
391, 138, 393, 390
390, 42, 138, 393
392, 74, 394, 393
393, 170, 395, 394
393, 170, 74, 394
394, 74, 396, 397
395, 170, 397, 394
394, 74, 170, 397
396, 18, 398, 397
397, 114, 399, 398
397, 114, 18, 398
398, 18, 400, 401
399, 114, 401, 398
398, 18, 114, 401
400, 43, 402, 401
401, 139, 403, 402
401, 139, 43, 402
402, 43, 404, 405
403, 139, 405, 402
402, 43, 139, 405
404, 19, 406, 405
405, 115, 407, 406
405, 115, 19, 406
406, 19, 408, 409
407, 115, 409, 406
406, 19, 115, 409
408, 44, 410, 409
409, 140, 411, 410
409, 140, 44, 410
410, 44, 412, 413
411, 140, 413, 410
410, 44, 140, 413
412, 45, 414, 413
413, 141, 415, 414
413, 141, 45, 414
414, 45, 416, 417
415, 141, 417, 414
414, 45, 141, 417
416, 46, 418, 417
417, 142, 419, 418
417, 142, 46, 418
418, 46, 420, 421
419, 142, 421, 418
418, 46, 142, 421
420, 47, 422, 421
421, 143, 423, 422
421, 143, 47, 422
422, 47, 424, 425
423, 143, 425, 422
422, 47, 143, 425
424, 48, 426, 425
425, 144, 427, 426
425, 144, 48, 426
426, 48, 428, 429
427, 144, 429, 426
426, 48, 144, 429
428, 49, 430, 429
429, 145, 431, 430
429, 145, 49, 430
430, 49, 432, 433
431, 145, 433, 430
430, 49, 145, 433
432, 50, 434, 433
433, 146, 435, 434
433, 146, 50, 434
434, 50, 436, 437
435, 146, 437, 434
434, 50, 146, 437
436, 51, 438, 437
437, 147, 439, 438
437, 147, 51, 438
438, 51, 440, 441
439, 147, 441, 438
438, 51, 147, 441
440, 52, 442, 441
441, 148, 443, 442
441, 148, 52, 442
442, 52, 444, 445
443, 148, 445, 442
442, 52, 148, 445
444, 53, 446, 445
445, 149, 447, 446
445, 149, 53, 446
446, 53, 448, 449
447, 149, 449, 446
446, 53, 149, 449
448, 54, 450, 449
449, 150, 451, 450
449, 150, 54, 450
450, 54, 452, 453
451, 150, 453, 450
450, 54, 150, 453
452, 75, 454, 453
453, 171, 455, 454
453, 171, 75, 454
454, 75, 456, 457
455, 171, 457, 454
454, 75, 171, 457
456, 55, 458, 457
457, 151, 459, 458
457, 151, 55, 458
458, 55, 460, 461
459, 151, 461, 458
458, 55, 151, 461
460, 76, 462, 461
461, 172, 463, 462
461, 172, 76, 462
462, 76, 464, 465
463, 172, 465, 462
462, 76, 172, 465
464, 56, 466, 465
465, 152, 467, 466
465, 152, 56, 466
466, 56, 468, 469
467, 152, 469, 466
466, 56, 152, 469
468, 77, 470, 469
469, 173, 471, 470
469, 173, 77, 470
470, 77, 472, 473
471, 173, 473, 470
470, 77, 173, 473
472, 57, 474, 473
473, 153, 475, 474
473, 153, 57, 474
474, 57, 476, 477
475, 153, 477, 474
474, 57, 153, 477
476, 78, 478, 477
477, 174, 479, 478
477, 174, 78, 478
478, 78, 480, 481
479, 174, 481, 478
478, 78, 174, 481
480, 79, 482, 481
481, 175, 483, 482
481, 175, 79, 482
482, 79, 484, 485
483, 175, 485, 482
482, 79, 175, 485
484, 80, 486, 485
485, 176, 487, 486
485, 176, 80, 486
486, 80, 488, 489
487, 176, 489, 486
486, 80, 176, 489
488, 81, 490, 489
489, 177, 491, 490
489, 177, 81, 490
490, 81, 492, 493
491, 177, 493, 490
490, 81, 177, 493
492, 82, 494, 493
493, 178, 495, 494
493, 178, 82, 494
494, 82, 496, 497
495, 178, 497, 494
494, 82, 178, 497
496, 83, 498, 497
497, 179, 499, 498
497, 179, 83, 498
498, 83, 500, 501
499, 179, 501, 498
498, 83, 179, 501
500, 84, 502, 501
501, 180, 503, 502
501, 180, 84, 502
502, 84, 504, 505
503, 180, 505, 502
502, 84, 180, 505
504, 85, 506, 505
505, 181, 507, 506
505, 181, 85, 506
506, 85, 508, 509
507, 181, 509, 506
506, 85, 181, 509
508, 86, 510, 509
509, 182, 511, 510
509, 182, 86, 510
510, 86, 512, 513
511, 182, 513, 510
510, 86, 182, 513
512, 87, 514, 513
513, 183, 515, 514
513, 183, 87, 514
514, 87, 516, 517
515, 183, 517, 514
514, 87, 183, 517
516, 88, 518, 517
517, 184, 519, 518
517, 184, 88, 518
518, 88, 520, 521
519, 184, 521, 518
518, 88, 184, 521
520, 89, 522, 521
521, 185, 523, 522
521, 185, 89, 522
522, 89, 524, 525
523, 185, 525, 522
522, 89, 185, 525
524, 90, 526, 525
525, 186, 527, 526
525, 186, 90, 526
526, 90, 528, 529
527, 186, 529, 526
526, 90, 186, 529
528, 91, 530, 529
529, 187, 531, 530
529, 187, 91, 530
530, 91, 532, 533
531, 187, 533, 530
530, 91, 187, 533
532, 92, 534, 533
533, 188, 535, 534
533, 188, 92, 534
534, 92, 536, 537
535, 188, 537, 534
534, 92, 188, 537
536, 93, 538, 537
537, 189, 539, 538
537, 189, 93, 538
538, 93, 540, 541
539, 189, 541, 538
538, 93, 189, 541
540, 94, 542, 541
541, 190, 543, 542
541, 190, 94, 542
542, 94, 544, 545
543, 190, 545, 542
542, 94, 190, 545
544, 95, 546, 545
545, 191, 547, 546
545, 191, 95, 546
546, 95, 548, 549
547, 191, 549, 546
546, 95, 191, 549
548, 58, 550, 549
549, 154, 551, 550
549, 154, 58, 550
550, 58, 552, 553
551, 154, 553, 550
550, 58, 154, 553
552, 59, 554, 553
553, 155, 555, 554
553, 155, 59, 554
554, 59, 556, 557
555, 155, 557, 554
554, 59, 155, 557
556, 60, 558, 557
557, 156, 559, 558
557, 156, 60, 558
558, 60, 560, 561
559, 156, 561, 558
558, 60, 156, 561
560, 61, 562, 561
561, 157, 563, 562
561, 157, 61, 562
562, 61, 564, 565
563, 157, 565, 562
562, 61, 157, 565
564, 62, 566, 565
565, 158, 567, 566
565, 158, 62, 566
566, 62, 568, 569
567, 158, 569, 566
566, 62, 158, 569
568, 63, 570, 569
569, 159, 571, 570
569, 159, 63, 570
570, 63, 572, 573
571, 159, 573, 570
570, 63, 159, 573
572, 64, 574, 573
573, 160, 575, 574
573, 160, 64, 574
574, 64, 192, 193
575, 160, 193, 574
574, 64, 160, 193
576, 192, 194, 577
577, 193, 195, 194
577, 193, 192, 194
194, 196, 580, 197
195, 197, 581, 580
194, 580, 195, 197
584, 196, 198, 585
585, 197, 199, 198
585, 197, 196, 198
198, 200, 588, 201
199, 201, 589, 588
198, 588, 199, 201
592, 200, 202, 593
593, 201, 203, 202
593, 201, 200, 202
202, 204, 596, 205
203, 205, 597, 596
202, 596, 203, 205
600, 204, 206, 601
601, 205, 207, 206
601, 205, 204, 206
206, 208, 604, 209
207, 209, 605, 604
206, 604, 207, 209
608, 208, 210, 609
609, 209, 211, 210
609, 209, 208, 210
210, 212, 612, 213
211, 213, 613, 612
210, 612, 211, 213
616, 212, 214, 617
617, 213, 215, 214
617, 213, 212, 214
214, 216, 620, 217
215, 217, 621, 620
214, 620, 215, 217
624, 216, 218, 625
625, 217, 219, 218
625, 217, 216, 218
218, 220, 628, 221
219, 221, 629, 628
218, 628, 219, 221
632, 220, 222, 633
633, 221, 223, 222
633, 221, 220, 222
222, 224, 636, 225
223, 225, 637, 636
222, 636, 223, 225
640, 224, 226, 641
641, 225, 227, 226
641, 225, 224, 226
226, 228, 644, 229
227, 229, 645, 644
226, 644, 227, 229
648, 228, 230, 649
649, 229, 231, 230
649, 229, 228, 230
230, 232, 652, 233
231, 233, 653, 652
230, 652, 231, 233
656, 232, 234, 657
657, 233, 235, 234
657, 233, 232, 234
234, 236, 660, 237
235, 237, 661, 660
234, 660, 235, 237
664, 236, 238, 665
665, 237, 239, 238
665, 237, 236, 238
238, 240, 668, 241
239, 241, 669, 668
238, 668, 239, 241
672, 240, 242, 673
673, 241, 243, 242
673, 241, 240, 242
242, 244, 676, 245
243, 245, 677, 676
242, 676, 243, 245
680, 244, 246, 681
681, 245, 247, 246
681, 245, 244, 246
246, 248, 684, 249
247, 249, 685, 684
246, 684, 247, 249
688, 248, 250, 689
689, 249, 251, 250
689, 249, 248, 250
250, 252, 692, 253
251, 253, 693, 692
250, 692, 251, 253
696, 252, 254, 697
697, 253, 255, 254
697, 253, 252, 254
254, 256, 700, 257
255, 257, 701, 700
254, 700, 255, 257
704, 256, 258, 705
705, 257, 259, 258
705, 257, 256, 258
258, 260, 708, 261
259, 261, 709, 708
258, 708, 259, 261
712, 260, 262, 713
713, 261, 263, 262
713, 261, 260, 262
262, 264, 716, 265
263, 265, 717, 716
262, 716, 263, 265
720, 264, 266, 721
721, 265, 267, 266
721, 265, 264, 266
266, 268, 724, 269
267, 269, 725, 724
266, 724, 267, 269
728, 268, 270, 729
729, 269, 271, 270
729, 269, 268, 270
270, 272, 732, 273
271, 273, 733, 732
270, 732, 271, 273
736, 272, 274, 737
737, 273, 275, 274
737, 273, 272, 274
274, 276, 740, 277
275, 277, 741, 740
274, 740, 275, 277
744, 276, 278, 745
745, 277, 279, 278
745, 277, 276, 278
278, 280, 748, 281
279, 281, 749, 748
278, 748, 279, 281
752, 280, 282, 753
753, 281, 283, 282
753, 281, 280, 282
282, 284, 756, 285
283, 285, 757, 756
282, 756, 283, 285
760, 284, 286, 761
761, 285, 287, 286
761, 285, 284, 286
286, 288, 764, 289
287, 289, 765, 764
286, 764, 287, 289
768, 288, 290, 769
769, 289, 291, 290
769, 289, 288, 290
290, 292, 772, 293
291, 293, 773, 772
290, 772, 291, 293
776, 292, 294, 777
777, 293, 295, 294
777, 293, 292, 294
294, 296, 780, 297
295, 297, 781, 780
294, 780, 295, 297
784, 296, 298, 785
785, 297, 299, 298
785, 297, 296, 298
298, 300, 788, 301
299, 301, 789, 788
298, 788, 299, 301
792, 300, 302, 793
793, 301, 303, 302
793, 301, 300, 302
302, 304, 796, 305
303, 305, 797, 796
302, 796, 303, 305
800, 304, 306, 801
801, 305, 307, 306
801, 305, 304, 306
306, 308, 804, 309
307, 309, 805, 804
306, 804, 307, 309
808, 308, 310, 809
809, 309, 311, 310
809, 309, 308, 310
310, 312, 812, 313
311, 313, 813, 812
310, 812, 311, 313
816, 312, 314, 817
817, 313, 315, 314
817, 313, 312, 314
314, 316, 820, 317
315, 317, 821, 820
314, 820, 315, 317
824, 316, 318, 825
825, 317, 319, 318
825, 317, 316, 318
318, 320, 828, 321
319, 321, 829, 828
318, 828, 319, 321
832, 320, 322, 833
833, 321, 323, 322
833, 321, 320, 322
322, 324, 836, 325
323, 325, 837, 836
322, 836, 323, 325
840, 324, 326, 841
841, 325, 327, 326
841, 325, 324, 326
326, 328, 844, 329
327, 329, 845, 844
326, 844, 327, 329
848, 328, 330, 849
849, 329, 331, 330
849, 329, 328, 330
330, 332, 852, 333
331, 333, 853, 852
330, 852, 331, 333
856, 332, 334, 857
857, 333, 335, 334
857, 333, 332, 334
334, 336, 860, 337
335, 337, 861, 860
334, 860, 335, 337
864, 336, 338, 865
865, 337, 339, 338
865, 337, 336, 338
338, 340, 868, 341
339, 341, 869, 868
338, 868, 339, 341
872, 340, 342, 873
873, 341, 343, 342
873, 341, 340, 342
342, 344, 876, 345
343, 345, 877, 876
342, 876, 343, 345
880, 344, 346, 881
881, 345, 347, 346
881, 345, 344, 346
346, 348, 884, 349
347, 349, 885, 884
346, 884, 347, 349
888, 348, 350, 889
889, 349, 351, 350
889, 349, 348, 350
350, 352, 892, 353
351, 353, 893, 892
350, 892, 351, 353
896, 352, 354, 897
897, 353, 355, 354
897, 353, 352, 354
354, 356, 900, 357
355, 357, 901, 900
354, 900, 355, 357
904, 356, 358, 905
905, 357, 359, 358
905, 357, 356, 358
358, 360, 908, 361
359, 361, 909, 908
358, 908, 359, 361
912, 360, 362, 913
913, 361, 363, 362
913, 361, 360, 362
362, 364, 916, 365
363, 365, 917, 916
362, 916, 363, 365
920, 364, 366, 921
921, 365, 367, 366
921, 365, 364, 366
366, 368, 924, 369
367, 369, 925, 924
366, 924, 367, 369
928, 368, 370, 929
929, 369, 371, 370
929, 369, 368, 370
370, 372, 932, 373
371, 373, 933, 932
370, 932, 371, 373
936, 372, 374, 937
937, 373, 375, 374
937, 373, 372, 374
374, 376, 940, 377
375, 377, 941, 940
374, 940, 375, 377
944, 376, 378, 945
945, 377, 379, 378
945, 377, 376, 378
378, 380, 948, 381
379, 381, 949, 948
378, 948, 379, 381
952, 380, 382, 953
953, 381, 383, 382
953, 381, 380, 382
382, 384, 956, 385
383, 385, 957, 956
382, 956, 383, 385
960, 384, 386, 961
961, 385, 387, 386
961, 385, 384, 386
386, 388, 964, 389
387, 389, 965, 964
386, 964, 387, 389
968, 388, 390, 969
969, 389, 391, 390
969, 389, 388, 390
390, 392, 972, 393
391, 393, 973, 972
390, 972, 391, 393
976, 392, 394, 977
977, 393, 395, 394
977, 393, 392, 394
394, 396, 980, 397
395, 397, 981, 980
394, 980, 395, 397
984, 396, 398, 985
985, 397, 399, 398
985, 397, 396, 398
398, 400, 988, 401
399, 401, 989, 988
398, 988, 399, 401
992, 400, 402, 993
993, 401, 403, 402
993, 401, 400, 402
402, 404, 996, 405
403, 405, 997, 996
402, 996, 403, 405
1000, 404, 406, 1001
1001, 405, 407, 406
1001, 405, 404, 406
406, 408, 1004, 409
407, 409, 1005, 1004
406, 1004, 407, 409
1008, 408, 410, 1009
1009, 409, 411, 410
1009, 409, 408, 410
410, 412, 1012, 413
411, 413, 1013, 1012
410, 1012, 411, 413
1016, 412, 414, 1017
1017, 413, 415, 414
1017, 413, 412, 414
414, 416, 1020, 417
415, 417, 1021, 1020
414, 1020, 415, 417
1024, 416, 418, 1025
1025, 417, 419, 418
1025, 417, 416, 418
418, 420, 1028, 421
419, 421, 1029, 1028
418, 1028, 419, 421
1032, 420, 422, 1033
1033, 421, 423, 422
1033, 421, 420, 422
422, 424, 1036, 425
423, 425, 1037, 1036
422, 1036, 423, 425
1040, 424, 426, 1041
1041, 425, 427, 426
1041, 425, 424, 426
426, 428, 1044, 429
427, 429, 1045, 1044
426, 1044, 427, 429
1048, 428, 430, 1049
1049, 429, 431, 430
1049, 429, 428, 430
430, 432, 1052, 433
431, 433, 1053, 1052
430, 1052, 431, 433
1056, 432, 434, 1057
1057, 433, 435, 434
1057, 433, 432, 434
434, 436, 1060, 437
435, 437, 1061, 1060
434, 1060, 435, 437
1064, 436, 438, 1065
1065, 437, 439, 438
1065, 437, 436, 438
438, 440, 1068, 441
439, 441, 1069, 1068
438, 1068, 439, 441
1072, 440, 442, 1073
1073, 441, 443, 442
1073, 441, 440, 442
442, 444, 1076, 445
443, 445, 1077, 1076
442, 1076, 443, 445
1080, 444, 446, 1081
1081, 445, 447, 446
1081, 445, 444, 446
446, 448, 1084, 449
447, 449, 1085, 1084
446, 1084, 447, 449
1088, 448, 450, 1089
1089, 449, 451, 450
1089, 449, 448, 450
450, 452, 1092, 453
451, 453, 1093, 1092
450, 1092, 451, 453
1096, 452, 454, 1097
1097, 453, 455, 454
1097, 453, 452, 454
454, 456, 1100, 457
455, 457, 1101, 1100
454, 1100, 455, 457
1104, 456, 458, 1105
1105, 457, 459, 458
1105, 457, 456, 458
458, 460, 1108, 461
459, 461, 1109, 1108
458, 1108, 459, 461
1112, 460, 462, 1113
1113, 461, 463, 462
1113, 461, 460, 462
462, 464, 1116, 465
463, 465, 1117, 1116
462, 1116, 463, 465
1120, 464, 466, 1121
1121, 465, 467, 466
1121, 465, 464, 466
466, 468, 1124, 469
467, 469, 1125, 1124
466, 1124, 467, 469
1128, 468, 470, 1129
1129, 469, 471, 470
1129, 469, 468, 470
470, 472, 1132, 473
471, 473, 1133, 1132
470, 1132, 471, 473
1136, 472, 474, 1137
1137, 473, 475, 474
1137, 473, 472, 474
474, 476, 1140, 477
475, 477, 1141, 1140
474, 1140, 475, 477
1144, 476, 478, 1145
1145, 477, 479, 478
1145, 477, 476, 478
478, 480, 1148, 481
479, 481, 1149, 1148
478, 1148, 479, 481
1152, 480, 482, 1153
1153, 481, 483, 482
1153, 481, 480, 482
482, 484, 1156, 485
483, 485, 1157, 1156
482, 1156, 483, 485
1160, 484, 486, 1161
1161, 485, 487, 486
1161, 485, 484, 486
486, 488, 1164, 489
487, 489, 1165, 1164
486, 1164, 487, 489
1168, 488, 490, 1169
1169, 489, 491, 490
1169, 489, 488, 490
490, 492, 1172, 493
491, 493, 1173, 1172
490, 1172, 491, 493
1176, 492, 494, 1177
1177, 493, 495, 494
1177, 493, 492, 494
494, 496, 1180, 497
495, 497, 1181, 1180
494, 1180, 495, 497
1184, 496, 498, 1185
1185, 497, 499, 498
1185, 497, 496, 498
498, 500, 1188, 501
499, 501, 1189, 1188
498, 1188, 499, 501
1192, 500, 502, 1193
1193, 501, 503, 502
1193, 501, 500, 502
502, 504, 1196, 505
503, 505, 1197, 1196
502, 1196, 503, 505
1200, 504, 506, 1201
1201, 505, 507, 506
1201, 505, 504, 506
506, 508, 1204, 509
507, 509, 1205, 1204
506, 1204, 507, 509
1208, 508, 510, 1209
1209, 509, 511, 510
1209, 509, 508, 510
510, 512, 1212, 513
511, 513, 1213, 1212
510, 1212, 511, 513
1216, 512, 514, 1217
1217, 513, 515, 514
1217, 513, 512, 514
514, 516, 1220, 517
515, 517, 1221, 1220
514, 1220, 515, 517
1224, 516, 518, 1225
1225, 517, 519, 518
1225, 517, 516, 518
518, 520, 1228, 521
519, 521, 1229, 1228
518, 1228, 519, 521
1232, 520, 522, 1233
1233, 521, 523, 522
1233, 521, 520, 522
522, 524, 1236, 525
523, 525, 1237, 1236
522, 1236, 523, 525
1240, 524, 526, 1241
1241, 525, 527, 526
1241, 525, 524, 526
526, 528, 1244, 529
527, 529, 1245, 1244
526, 1244, 527, 529
1248, 528, 530, 1249
1249, 529, 531, 530
1249, 529, 528, 530
530, 532, 1252, 533
531, 533, 1253, 1252
530, 1252, 531, 533
1256, 532, 534, 1257
1257, 533, 535, 534
1257, 533, 532, 534
534, 536, 1260, 537
535, 537, 1261, 1260
534, 1260, 535, 537
1264, 536, 538, 1265
1265, 537, 539, 538
1265, 537, 536, 538
538, 540, 1268, 541
539, 541, 1269, 1268
538, 1268, 539, 541
1272, 540, 542, 1273
1273, 541, 543, 542
1273, 541, 540, 542
542, 544, 1276, 545
543, 545, 1277, 1276
542, 1276, 543, 545
1280, 544, 546, 1281
1281, 545, 547, 546
1281, 545, 544, 546
546, 548, 1284, 549
547, 549, 1285, 1284
546, 1284, 547, 549
1288, 548, 550, 1289
1289, 549, 551, 550
1289, 549, 548, 550
550, 552, 1292, 553
551, 553, 1293, 1292
550, 1292, 551, 553
1296, 552, 554, 1297
1297, 553, 555, 554
1297, 553, 552, 554
554, 556, 1300, 557
555, 557, 1301, 1300
554, 1300, 555, 557
1304, 556, 558, 1305
1305, 557, 559, 558
1305, 557, 556, 558
558, 560, 1308, 561
559, 561, 1309, 1308
558, 1308, 559, 561
1312, 560, 562, 1313
1313, 561, 563, 562
1313, 561, 560, 562
562, 564, 1316, 565
563, 565, 1317, 1316
562, 1316, 563, 565
1320, 564, 566, 1321
1321, 565, 567, 566
1321, 565, 564, 566
566, 568, 1324, 569
567, 569, 1325, 1324
566, 1324, 567, 569
1328, 568, 570, 1329
1329, 569, 571, 570
1329, 569, 568, 570
570, 572, 1332, 573
571, 573, 1333, 1332
570, 1332, 571, 573
1336, 572, 574, 1337
1337, 573, 575, 574
1337, 573, 572, 574
574, 192, 1340, 193
575, 193, 1341, 1340
574, 1340, 575, 193
576, 194, 578, 577
577, 195, 579, 194
194, 578, 577, 579
578, 194, 580, 579
579, 195, 581, 580
579, 195, 194, 580
580, 196, 582, 197
581, 197, 583, 582
580, 582, 581, 197
582, 196, 584, 585
583, 197, 585, 582
582, 196, 197, 585
584, 198, 586, 585
585, 199, 587, 198
198, 586, 585, 587
586, 198, 588, 587
587, 199, 589, 588
587, 199, 198, 588
588, 200, 590, 201
589, 201, 591, 590
588, 590, 589, 201
590, 200, 592, 593
591, 201, 593, 590
590, 200, 201, 593
592, 202, 594, 593
593, 203, 595, 202
202, 594, 593, 595
594, 202, 596, 595
595, 203, 597, 596
595, 203, 202, 596
596, 204, 598, 205
597, 205, 599, 598
596, 598, 597, 205
598, 204, 600, 601
599, 205, 601, 598
598, 204, 205, 601
600, 206, 602, 601
601, 207, 603, 206
206, 602, 601, 603
602, 206, 604, 603
603, 207, 605, 604
603, 207, 206, 604
604, 208, 606, 209
605, 209, 607, 606
604, 606, 605, 209
606, 208, 608, 609
607, 209, 609, 606
606, 208, 209, 609
608, 210, 610, 609
609, 211, 611, 210
210, 610, 609, 611
610, 210, 612, 611
611, 211, 613, 612
611, 211, 210, 612
612, 212, 614, 213
613, 213, 615, 614
612, 614, 613, 213
614, 212, 616, 617
615, 213, 617, 614
614, 212, 213, 617
616, 214, 618, 617
617, 215, 619, 214
214, 618, 617, 619
618, 214, 620, 619
619, 215, 621, 620
619, 215, 214, 620
620, 216, 622, 217
621, 217, 623, 622
620, 622, 621, 217
622, 216, 624, 625
623, 217, 625, 622
622, 216, 217, 625
624, 218, 626, 625
625, 219, 627, 218
218, 626, 625, 627
626, 218, 628, 627
627, 219, 629, 628
627, 219, 218, 628
628, 220, 630, 221
629, 221, 631, 630
628, 630, 629, 221
630, 220, 632, 633
631, 221, 633, 630
630, 220, 221, 633
632, 222, 634, 633
633, 223, 635, 222
222, 634, 633, 635
634, 222, 636, 635
635, 223, 637, 636
635, 223, 222, 636
636, 224, 638, 225
637, 225, 639, 638
636, 638, 637, 225
638, 224, 640, 641
639, 225, 641, 638
638, 224, 225, 641
640, 226, 642, 641
641, 227, 643, 226
226, 642, 641, 643
642, 226, 644, 643
643, 227, 645, 644
643, 227, 226, 644
644, 228, 646, 229
645, 229, 647, 646
644, 646, 645, 229
646, 228, 648, 649
647, 229, 649, 646
646, 228, 229, 649
648, 230, 650, 649
649, 231, 651, 230
230, 650, 649, 651
650, 230, 652, 651
651, 231, 653, 652
651, 231, 230, 652
652, 232, 654, 233
653, 233, 655, 654
652, 654, 653, 233
654, 232, 656, 657
655, 233, 657, 654
654, 232, 233, 657
656, 234, 658, 657
657, 235, 659, 234
234, 658, 657, 659
658, 234, 660, 659
659, 235, 661, 660
659, 235, 234, 660
660, 236, 662, 237
661, 237, 663, 662
660, 662, 661, 237
662, 236, 664, 665
663, 237, 665, 662
662, 236, 237, 665
664, 238, 666, 665
665, 239, 667, 238
238, 666, 665, 667
666, 238, 668, 667
667, 239, 669, 668
667, 239, 238, 668
668, 240, 670, 241
669, 241, 671, 670
668, 670, 669, 241
670, 240, 672, 673
671, 241, 673, 670
670, 240, 241, 673
672, 242, 674, 673
673, 243, 675, 242
242, 674, 673, 675
674, 242, 676, 675
675, 243, 677, 676
675, 243, 242, 676
676, 244, 678, 245
677, 245, 679, 678
676, 678, 677, 245
678, 244, 680, 681
679, 245, 681, 678
678, 244, 245, 681
680, 246, 682, 681
681, 247, 683, 246
246, 682, 681, 683
682, 246, 684, 683
683, 247, 685, 684
683, 247, 246, 684
684, 248, 686, 249
685, 249, 687, 686
684, 686, 685, 249
686, 248, 688, 689
687, 249, 689, 686
686, 248, 249, 689
688, 250, 690, 689
689, 251, 691, 250
250, 690, 689, 691
690, 250, 692, 691
691, 251, 693, 692
691, 251, 250, 692
692, 252, 694, 253
693, 253, 695, 694
692, 694, 693, 253
694, 252, 696, 697
695, 253, 697, 694
694, 252, 253, 697
696, 254, 698, 697
697, 255, 699, 254
254, 698, 697, 699
698, 254, 700, 699
699, 255, 701, 700
699, 255, 254, 700
700, 256, 702, 257
701, 257, 703, 702
700, 702, 701, 257
702, 256, 704, 705
703, 257, 705, 702
702, 256, 257, 705
704, 258, 706, 705
705, 259, 707, 258
258, 706, 705, 707
706, 258, 708, 707
707, 259, 709, 708
707, 259, 258, 708
708, 260, 710, 261
709, 261, 711, 710
708, 710, 709, 261
710, 260, 712, 713
711, 261, 713, 710
710, 260, 261, 713
712, 262, 714, 713
713, 263, 715, 262
262, 714, 713, 715
714, 262, 716, 715
715, 263, 717, 716
715, 263, 262, 716
716, 264, 718, 265
717, 265, 719, 718
716, 718, 717, 265
718, 264, 720, 721
719, 265, 721, 718
718, 264, 265, 721
720, 266, 722, 721
721, 267, 723, 266
266, 722, 721, 723
722, 266, 724, 723
723, 267, 725, 724
723, 267, 266, 724
724, 268, 726, 269
725, 269, 727, 726
724, 726, 725, 269
726, 268, 728, 729
727, 269, 729, 726
726, 268, 269, 729
728, 270, 730, 729
729, 271, 731, 270
270, 730, 729, 731
730, 270, 732, 731
731, 271, 733, 732
731, 271, 270, 732
732, 272, 734, 273
733, 273, 735, 734
732, 734, 733, 273
734, 272, 736, 737
735, 273, 737, 734
734, 272, 273, 737
736, 274, 738, 737
737, 275, 739, 274
274, 738, 737, 739
738, 274, 740, 739
739, 275, 741, 740
739, 275, 274, 740
740, 276, 742, 277
741, 277, 743, 742
740, 742, 741, 277
742, 276, 744, 745
743, 277, 745, 742
742, 276, 277, 745
744, 278, 746, 745
745, 279, 747, 278
278, 746, 745, 747
746, 278, 748, 747
747, 279, 749, 748
747, 279, 278, 748
748, 280, 750, 281
749, 281, 751, 750
748, 750, 749, 281
750, 280, 752, 753
751, 281, 753, 750
750, 280, 281, 753
752, 282, 754, 753
753, 283, 755, 282
282, 754, 753, 755
754, 282, 756, 755
755, 283, 757, 756
755, 283, 282, 756
756, 284, 758, 285
757, 285, 759, 758
756, 758, 757, 285
758, 284, 760, 761
759, 285, 761, 758
758, 284, 285, 761
760, 286, 762, 761
761, 287, 763, 286
286, 762, 761, 763
762, 286, 764, 763
763, 287, 765, 764
763, 287, 286, 764
764, 288, 766, 289
765, 289, 767, 766
764, 766, 765, 289
766, 288, 768, 769
767, 289, 769, 766
766, 288, 289, 769
768, 290, 770, 769
769, 291, 771, 290
290, 770, 769, 771
770, 290, 772, 771
771, 291, 773, 772
771, 291, 290, 772
772, 292, 774, 293
773, 293, 775, 774
772, 774, 773, 293
774, 292, 776, 777
775, 293, 777, 774
774, 292, 293, 777
776, 294, 778, 777
777, 295, 779, 294
294, 778, 777, 779
778, 294, 780, 779
779, 295, 781, 780
779, 295, 294, 780
780, 296, 782, 297
781, 297, 783, 782
780, 782, 781, 297
782, 296, 784, 785
783, 297, 785, 782
782, 296, 297, 785
784, 298, 786, 785
785, 299, 787, 298
298, 786, 785, 787
786, 298, 788, 787
787, 299, 789, 788
787, 299, 298, 788
788, 300, 790, 301
789, 301, 791, 790
788, 790, 789, 301
790, 300, 792, 793
791, 301, 793, 790
790, 300, 301, 793
792, 302, 794, 793
793, 303, 795, 302
302, 794, 793, 795
794, 302, 796, 795
795, 303, 797, 796
795, 303, 302, 796
796, 304, 798, 305
797, 305, 799, 798
796, 798, 797, 305
798, 304, 800, 801
799, 305, 801, 798
798, 304, 305, 801
800, 306, 802, 801
801, 307, 803, 306
306, 802, 801, 803
802, 306, 804, 803
803, 307, 805, 804
803, 307, 306, 804
804, 308, 806, 309
805, 309, 807, 806
804, 806, 805, 309
806, 308, 808, 809
807, 309, 809, 806
806, 308, 309, 809
808, 310, 810, 809
809, 311, 811, 310
310, 810, 809, 811
810, 310, 812, 811
811, 311, 813, 812
811, 311, 310, 812
812, 312, 814, 313
813, 313, 815, 814
812, 814, 813, 313
814, 312, 816, 817
815, 313, 817, 814
814, 312, 313, 817
816, 314, 818, 817
817, 315, 819, 314
314, 818, 817, 819
818, 314, 820, 819
819, 315, 821, 820
819, 315, 314, 820
820, 316, 822, 317
821, 317, 823, 822
820, 822, 821, 317
822, 316, 824, 825
823, 317, 825, 822
822, 316, 317, 825
824, 318, 826, 825
825, 319, 827, 318
318, 826, 825, 827
826, 318, 828, 827
827, 319, 829, 828
827, 319, 318, 828
828, 320, 830, 321
829, 321, 831, 830
828, 830, 829, 321
830, 320, 832, 833
831, 321, 833, 830
830, 320, 321, 833
832, 322, 834, 833
833, 323, 835, 322
322, 834, 833, 835
834, 322, 836, 835
835, 323, 837, 836
835, 323, 322, 836
836, 324, 838, 325
837, 325, 839, 838
836, 838, 837, 325
838, 324, 840, 841
839, 325, 841, 838
838, 324, 325, 841
840, 326, 842, 841
841, 327, 843, 326
326, 842, 841, 843
842, 326, 844, 843
843, 327, 845, 844
843, 327, 326, 844
844, 328, 846, 329
845, 329, 847, 846
844, 846, 845, 329
846, 328, 848, 849
847, 329, 849, 846
846, 328, 329, 849
848, 330, 850, 849
849, 331, 851, 330
330, 850, 849, 851
850, 330, 852, 851
851, 331, 853, 852
851, 331, 330, 852
852, 332, 854, 333
853, 333, 855, 854
852, 854, 853, 333
854, 332, 856, 857
855, 333, 857, 854
854, 332, 333, 857
856, 334, 858, 857
857, 335, 859, 334
334, 858, 857, 859
858, 334, 860, 859
859, 335, 861, 860
859, 335, 334, 860
860, 336, 862, 337
861, 337, 863, 862
860, 862, 861, 337
862, 336, 864, 865
863, 337, 865, 862
862, 336, 337, 865
864, 338, 866, 865
865, 339, 867, 338
338, 866, 865, 867
866, 338, 868, 867
867, 339, 869, 868
867, 339, 338, 868
868, 340, 870, 341
869, 341, 871, 870
868, 870, 869, 341
870, 340, 872, 873
871, 341, 873, 870
870, 340, 341, 873
872, 342, 874, 873
873, 343, 875, 342
342, 874, 873, 875
874, 342, 876, 875
875, 343, 877, 876
875, 343, 342, 876
876, 344, 878, 345
877, 345, 879, 878
876, 878, 877, 345
878, 344, 880, 881
879, 345, 881, 878
878, 344, 345, 881
880, 346, 882, 881
881, 347, 883, 346
346, 882, 881, 883
882, 346, 884, 883
883, 347, 885, 884
883, 347, 346, 884
884, 348, 886, 349
885, 349, 887, 886
884, 886, 885, 349
886, 348, 888, 889
887, 349, 889, 886
886, 348, 349, 889
888, 350, 890, 889
889, 351, 891, 350
350, 890, 889, 891
890, 350, 892, 891
891, 351, 893, 892
891, 351, 350, 892
892, 352, 894, 353
893, 353, 895, 894
892, 894, 893, 353
894, 352, 896, 897
895, 353, 897, 894
894, 352, 353, 897
896, 354, 898, 897
897, 355, 899, 354
354, 898, 897, 899
898, 354, 900, 899
899, 355, 901, 900
899, 355, 354, 900
900, 356, 902, 357
901, 357, 903, 902
900, 902, 901, 357
902, 356, 904, 905
903, 357, 905, 902
902, 356, 357, 905
904, 358, 906, 905
905, 359, 907, 358
358, 906, 905, 907
906, 358, 908, 907
907, 359, 909, 908
907, 359, 358, 908
908, 360, 910, 361
909, 361, 911, 910
908, 910, 909, 361
910, 360, 912, 913
911, 361, 913, 910
910, 360, 361, 913
912, 362, 914, 913
913, 363, 915, 362
362, 914, 913, 915
914, 362, 916, 915
915, 363, 917, 916
915, 363, 362, 916
916, 364, 918, 365
917, 365, 919, 918
916, 918, 917, 365
918, 364, 920, 921
919, 365, 921, 918
918, 364, 365, 921
920, 366, 922, 921
921, 367, 923, 366
366, 922, 921, 923
922, 366, 924, 923
923, 367, 925, 924
923, 367, 366, 924
924, 368, 926, 369
925, 369, 927, 926
924, 926, 925, 369
926, 368, 928, 929
927, 369, 929, 926
926, 368, 369, 929
928, 370, 930, 929
929, 371, 931, 370
370, 930, 929, 931
930, 370, 932, 931
931, 371, 933, 932
931, 371, 370, 932
932, 372, 934, 373
933, 373, 935, 934
932, 934, 933, 373
934, 372, 936, 937
935, 373, 937, 934
934, 372, 373, 937
936, 374, 938, 937
937, 375, 939, 374
374, 938, 937, 939
938, 374, 940, 939
939, 375, 941, 940
939, 375, 374, 940
940, 376, 942, 377
941, 377, 943, 942
940, 942, 941, 377
942, 376, 944, 945
943, 377, 945, 942
942, 376, 377, 945
944, 378, 946, 945
945, 379, 947, 378
378, 946, 945, 947
946, 378, 948, 947
947, 379, 949, 948
947, 379, 378, 948
948, 380, 950, 381
949, 381, 951, 950
948, 950, 949, 381
950, 380, 952, 953
951, 381, 953, 950
950, 380, 381, 953
952, 382, 954, 953
953, 383, 955, 382
382, 954, 953, 955
954, 382, 956, 955
955, 383, 957, 956
955, 383, 382, 956
956, 384, 958, 385
957, 385, 959, 958
956, 958, 957, 385
958, 384, 960, 961
959, 385, 961, 958
958, 384, 385, 961
960, 386, 962, 961
961, 387, 963, 386
386, 962, 961, 963
962, 386, 964, 963
963, 387, 965, 964
963, 387, 386, 964
964, 388, 966, 389
965, 389, 967, 966
964, 966, 965, 389
966, 388, 968, 969
967, 389, 969, 966
966, 388, 389, 969
968, 390, 970, 969
969, 391, 971, 390
390, 970, 969, 971
970, 390, 972, 971
971, 391, 973, 972
971, 391, 390, 972
972, 392, 974, 393
973, 393, 975, 974
972, 974, 973, 393
974, 392, 976, 977
975, 393, 977, 974
974, 392, 393, 977
976, 394, 978, 977
977, 395, 979, 394
394, 978, 977, 979
978, 394, 980, 979
979, 395, 981, 980
979, 395, 394, 980
980, 396, 982, 397
981, 397, 983, 982
980, 982, 981, 397
982, 396, 984, 985
983, 397, 985, 982
982, 396, 397, 985
984, 398, 986, 985
985, 399, 987, 398
398, 986, 985, 987
986, 398, 988, 987
987, 399, 989, 988
987, 399, 398, 988
988, 400, 990, 401
989, 401, 991, 990
988, 990, 989, 401
990, 400, 992, 993
991, 401, 993, 990
990, 400, 401, 993
992, 402, 994, 993
993, 403, 995, 402
402, 994, 993, 995
994, 402, 996, 995
995, 403, 997, 996
995, 403, 402, 996
996, 404, 998, 405
997, 405, 999, 998
996, 998, 997, 405
998, 404, 1000, 1001
999, 405, 1001, 998
998, 404, 405, 1001
1000, 406, 1002, 1001
1001, 407, 1003, 406
406, 1002, 1001, 1003
1002, 406, 1004, 1003
1003, 407, 1005, 1004
1003, 407, 406, 1004
1004, 408, 1006, 409
1005, 409, 1007, 1006
1004, 1006, 1005, 409
1006, 408, 1008, 1009
1007, 409, 1009, 1006
1006, 408, 409, 1009
1008, 410, 1010, 1009
1009, 411, 1011, 410
410, 1010, 1009, 1011
1010, 410, 1012, 1011
1011, 411, 1013, 1012
1011, 411, 410, 1012
1012, 412, 1014, 413
1013, 413, 1015, 1014
1012, 1014, 1013, 413
1014, 412, 1016, 1017
1015, 413, 1017, 1014
1014, 412, 413, 1017
1016, 414, 1018, 1017
1017, 415, 1019, 414
414, 1018, 1017, 1019
1018, 414, 1020, 1019
1019, 415, 1021, 1020
1019, 415, 414, 1020
1020, 416, 1022, 417
1021, 417, 1023, 1022
1020, 1022, 1021, 417
1022, 416, 1024, 1025
1023, 417, 1025, 1022
1022, 416, 417, 1025
1024, 418, 1026, 1025
1025, 419, 1027, 418
418, 1026, 1025, 1027
1026, 418, 1028, 1027
1027, 419, 1029, 1028
1027, 419, 418, 1028
1028, 420, 1030, 421
1029, 421, 1031, 1030
1028, 1030, 1029, 421
1030, 420, 1032, 1033
1031, 421, 1033, 1030
1030, 420, 421, 1033
1032, 422, 1034, 1033
1033, 423, 1035, 422
422, 1034, 1033, 1035
1034, 422, 1036, 1035
1035, 423, 1037, 1036
1035, 423, 422, 1036
1036, 424, 1038, 425
1037, 425, 1039, 1038
1036, 1038, 1037, 425
1038, 424, 1040, 1041
1039, 425, 1041, 1038
1038, 424, 425, 1041
1040, 426, 1042, 1041
1041, 427, 1043, 426
426, 1042, 1041, 1043
1042, 426, 1044, 1043
1043, 427, 1045, 1044
1043, 427, 426, 1044
1044, 428, 1046, 429
1045, 429, 1047, 1046
1044, 1046, 1045, 429
1046, 428, 1048, 1049
1047, 429, 1049, 1046
1046, 428, 429, 1049
1048, 430, 1050, 1049
1049, 431, 1051, 430
430, 1050, 1049, 1051
1050, 430, 1052, 1051
1051, 431, 1053, 1052
1051, 431, 430, 1052
1052, 432, 1054, 433
1053, 433, 1055, 1054
1052, 1054, 1053, 433
1054, 432, 1056, 1057
1055, 433, 1057, 1054
1054, 432, 433, 1057
1056, 434, 1058, 1057
1057, 435, 1059, 434
434, 1058, 1057, 1059
1058, 434, 1060, 1059
1059, 435, 1061, 1060
1059, 435, 434, 1060
1060, 436, 1062, 437
1061, 437, 1063, 1062
1060, 1062, 1061, 437
1062, 436, 1064, 1065
1063, 437, 1065, 1062
1062, 436, 437, 1065
1064, 438, 1066, 1065
1065, 439, 1067, 438
438, 1066, 1065, 1067
1066, 438, 1068, 1067
1067, 439, 1069, 1068
1067, 439, 438, 1068
1068, 440, 1070, 441
1069, 441, 1071, 1070
1068, 1070, 1069, 441
1070, 440, 1072, 1073
1071, 441, 1073, 1070
1070, 440, 441, 1073
1072, 442, 1074, 1073
1073, 443, 1075, 442
442, 1074, 1073, 1075
1074, 442, 1076, 1075
1075, 443, 1077, 1076
1075, 443, 442, 1076
1076, 444, 1078, 445
1077, 445, 1079, 1078
1076, 1078, 1077, 445
1078, 444, 1080, 1081
1079, 445, 1081, 1078
1078, 444, 445, 1081
1080, 446, 1082, 1081
1081, 447, 1083, 446
446, 1082, 1081, 1083
1082, 446, 1084, 1083
1083, 447, 1085, 1084
1083, 447, 446, 1084
1084, 448, 1086, 449
1085, 449, 1087, 1086
1084, 1086, 1085, 449
1086, 448, 1088, 1089
1087, 449, 1089, 1086
1086, 448, 449, 1089
1088, 450, 1090, 1089
1089, 451, 1091, 450
450, 1090, 1089, 1091
1090, 450, 1092, 1091
1091, 451, 1093, 1092
1091, 451, 450, 1092
1092, 452, 1094, 453
1093, 453, 1095, 1094
1092, 1094, 1093, 453
1094, 452, 1096, 1097
1095, 453, 1097, 1094
1094, 452, 453, 1097
1096, 454, 1098, 1097
1097, 455, 1099, 454
454, 1098, 1097, 1099
1098, 454, 1100, 1099
1099, 455, 1101, 1100
1099, 455, 454, 1100
1100, 456, 1102, 457
1101, 457, 1103, 1102
1100, 1102, 1101, 457
1102, 456, 1104, 1105
1103, 457, 1105, 1102
1102, 456, 457, 1105
1104, 458, 1106, 1105
1105, 459, 1107, 458
458, 1106, 1105, 1107
1106, 458, 1108, 1107
1107, 459, 1109, 1108
1107, 459, 458, 1108
1108, 460, 1110, 461
1109, 461, 1111, 1110
1108, 1110, 1109, 461
1110, 460, 1112, 1113
1111, 461, 1113, 1110
1110, 460, 461, 1113
1112, 462, 1114, 1113
1113, 463, 1115, 462
462, 1114, 1113, 1115
1114, 462, 1116, 1115
1115, 463, 1117, 1116
1115, 463, 462, 1116
1116, 464, 1118, 465
1117, 465, 1119, 1118
1116, 1118, 1117, 465
1118, 464, 1120, 1121
1119, 465, 1121, 1118
1118, 464, 465, 1121
1120, 466, 1122, 1121
1121, 467, 1123, 466
466, 1122, 1121, 1123
1122, 466, 1124, 1123
1123, 467, 1125, 1124
1123, 467, 466, 1124
1124, 468, 1126, 469
1125, 469, 1127, 1126
1124, 1126, 1125, 469
1126, 468, 1128, 1129
1127, 469, 1129, 1126
1126, 468, 469, 1129
1128, 470, 1130, 1129
1129, 471, 1131, 470
470, 1130, 1129, 1131
1130, 470, 1132, 1131
1131, 471, 1133, 1132
1131, 471, 470, 1132
1132, 472, 1134, 473
1133, 473, 1135, 1134
1132, 1134, 1133, 473
1134, 472, 1136, 1137
1135, 473, 1137, 1134
1134, 472, 473, 1137
1136, 474, 1138, 1137
1137, 475, 1139, 474
474, 1138, 1137, 1139
1138, 474, 1140, 1139
1139, 475, 1141, 1140
1139, 475, 474, 1140
1140, 476, 1142, 477
1141, 477, 1143, 1142
1140, 1142, 1141, 477
1142, 476, 1144, 1145
1143, 477, 1145, 1142
1142, 476, 477, 1145
1144, 478, 1146, 1145
1145, 479, 1147, 478
478, 1146, 1145, 1147
1146, 478, 1148, 1147
1147, 479, 1149, 1148
1147, 479, 478, 1148
1148, 480, 1150, 481
1149, 481, 1151, 1150
1148, 1150, 1149, 481
1150, 480, 1152, 1153
1151, 481, 1153, 1150
1150, 480, 481, 1153
1152, 482, 1154, 1153
1153, 483, 1155, 482
482, 1154, 1153, 1155
1154, 482, 1156, 1155
1155, 483, 1157, 1156
1155, 483, 482, 1156
1156, 484, 1158, 485
1157, 485, 1159, 1158
1156, 1158, 1157, 485
1158, 484, 1160, 1161
1159, 485, 1161, 1158
1158, 484, 485, 1161
1160, 486, 1162, 1161
1161, 487, 1163, 486
486, 1162, 1161, 1163
1162, 486, 1164, 1163
1163, 487, 1165, 1164
1163, 487, 486, 1164
1164, 488, 1166, 489
1165, 489, 1167, 1166
1164, 1166, 1165, 489
1166, 488, 1168, 1169
1167, 489, 1169, 1166
1166, 488, 489, 1169
1168, 490, 1170, 1169
1169, 491, 1171, 490
490, 1170, 1169, 1171
1170, 490, 1172, 1171
1171, 491, 1173, 1172
1171, 491, 490, 1172
1172, 492, 1174, 493
1173, 493, 1175, 1174
1172, 1174, 1173, 493
1174, 492, 1176, 1177
1175, 493, 1177, 1174
1174, 492, 493, 1177
1176, 494, 1178, 1177
1177, 495, 1179, 494
494, 1178, 1177, 1179
1178, 494, 1180, 1179
1179, 495, 1181, 1180
1179, 495, 494, 1180
1180, 496, 1182, 497
1181, 497, 1183, 1182
1180, 1182, 1181, 497
1182, 496, 1184, 1185
1183, 497, 1185, 1182
1182, 496, 497, 1185
1184, 498, 1186, 1185
1185, 499, 1187, 498
498, 1186, 1185, 1187
1186, 498, 1188, 1187
1187, 499, 1189, 1188
1187, 499, 498, 1188
1188, 500, 1190, 501
1189, 501, 1191, 1190
1188, 1190, 1189, 501
1190, 500, 1192, 1193
1191, 501, 1193, 1190
1190, 500, 501, 1193
1192, 502, 1194, 1193
1193, 503, 1195, 502
502, 1194, 1193, 1195
1194, 502, 1196, 1195
1195, 503, 1197, 1196
1195, 503, 502, 1196
1196, 504, 1198, 505
1197, 505, 1199, 1198
1196, 1198, 1197, 505
1198, 504, 1200, 1201
1199, 505, 1201, 1198
1198, 504, 505, 1201
1200, 506, 1202, 1201
1201, 507, 1203, 506
506, 1202, 1201, 1203
1202, 506, 1204, 1203
1203, 507, 1205, 1204
1203, 507, 506, 1204
1204, 508, 1206, 509
1205, 509, 1207, 1206
1204, 1206, 1205, 509
1206, 508, 1208, 1209
1207, 509, 1209, 1206
1206, 508, 509, 1209
1208, 510, 1210, 1209
1209, 511, 1211, 510
510, 1210, 1209, 1211
1210, 510, 1212, 1211
1211, 511, 1213, 1212
1211, 511, 510, 1212
1212, 512, 1214, 513
1213, 513, 1215, 1214
1212, 1214, 1213, 513
1214, 512, 1216, 1217
1215, 513, 1217, 1214
1214, 512, 513, 1217
1216, 514, 1218, 1217
1217, 515, 1219, 514
514, 1218, 1217, 1219
1218, 514, 1220, 1219
1219, 515, 1221, 1220
1219, 515, 514, 1220
1220, 516, 1222, 517
1221, 517, 1223, 1222
1220, 1222, 1221, 517
1222, 516, 1224, 1225
1223, 517, 1225, 1222
1222, 516, 517, 1225
1224, 518, 1226, 1225
1225, 519, 1227, 518
518, 1226, 1225, 1227
1226, 518, 1228, 1227
1227, 519, 1229, 1228
1227, 519, 518, 1228
1228, 520, 1230, 521
1229, 521, 1231, 1230
1228, 1230, 1229, 521
1230, 520, 1232, 1233
1231, 521, 1233, 1230
1230, 520, 521, 1233
1232, 522, 1234, 1233
1233, 523, 1235, 522
522, 1234, 1233, 1235
1234, 522, 1236, 1235
1235, 523, 1237, 1236
1235, 523, 522, 1236
1236, 524, 1238, 525
1237, 525, 1239, 1238
1236, 1238, 1237, 525
1238, 524, 1240, 1241
1239, 525, 1241, 1238
1238, 524, 525, 1241
1240, 526, 1242, 1241
1241, 527, 1243, 526
526, 1242, 1241, 1243
1242, 526, 1244, 1243
1243, 527, 1245, 1244
1243, 527, 526, 1244
1244, 528, 1246, 529
1245, 529, 1247, 1246
1244, 1246, 1245, 529
1246, 528, 1248, 1249
1247, 529, 1249, 1246
1246, 528, 529, 1249
1248, 530, 1250, 1249
1249, 531, 1251, 530
530, 1250, 1249, 1251
1250, 530, 1252, 1251
1251, 531, 1253, 1252
1251, 531, 530, 1252
1252, 532, 1254, 533
1253, 533, 1255, 1254
1252, 1254, 1253, 533
1254, 532, 1256, 1257
1255, 533, 1257, 1254
1254, 532, 533, 1257
1256, 534, 1258, 1257
1257, 535, 1259, 534
534, 1258, 1257, 1259
1258, 534, 1260, 1259
1259, 535, 1261, 1260
1259, 535, 534, 1260
1260, 536, 1262, 537
1261, 537, 1263, 1262
1260, 1262, 1261, 537
1262, 536, 1264, 1265
1263, 537, 1265, 1262
1262, 536, 537, 1265
1264, 538, 1266, 1265
1265, 539, 1267, 538
538, 1266, 1265, 1267
1266, 538, 1268, 1267
1267, 539, 1269, 1268
1267, 539, 538, 1268
1268, 540, 1270, 541
1269, 541, 1271, 1270
1268, 1270, 1269, 541
1270, 540, 1272, 1273
1271, 541, 1273, 1270
1270, 540, 541, 1273
1272, 542, 1274, 1273
1273, 543, 1275, 542
542, 1274, 1273, 1275
1274, 542, 1276, 1275
1275, 543, 1277, 1276
1275, 543, 542, 1276
1276, 544, 1278, 545
1277, 545, 1279, 1278
1276, 1278, 1277, 545
1278, 544, 1280, 1281
1279, 545, 1281, 1278
1278, 544, 545, 1281
1280, 546, 1282, 1281
1281, 547, 1283, 546
546, 1282, 1281, 1283
1282, 546, 1284, 1283
1283, 547, 1285, 1284
1283, 547, 546, 1284
1284, 548, 1286, 549
1285, 549, 1287, 1286
1284, 1286, 1285, 549
1286, 548, 1288, 1289
1287, 549, 1289, 1286
1286, 548, 549, 1289
1288, 550, 1290, 1289
1289, 551, 1291, 550
550, 1290, 1289, 1291
1290, 550, 1292, 1291
1291, 551, 1293, 1292
1291, 551, 550, 1292
1292, 552, 1294, 553
1293, 553, 1295, 1294
1292, 1294, 1293, 553
1294, 552, 1296, 1297
1295, 553, 1297, 1294
1294, 552, 553, 1297
1296, 554, 1298, 1297
1297, 555, 1299, 554
554, 1298, 1297, 1299
1298, 554, 1300, 1299
1299, 555, 1301, 1300
1299, 555, 554, 1300
1300, 556, 1302, 557
1301, 557, 1303, 1302
1300, 1302, 1301, 557
1302, 556, 1304, 1305
1303, 557, 1305, 1302
1302, 556, 557, 1305
1304, 558, 1306, 1305
1305, 559, 1307, 558
558, 1306, 1305, 1307
1306, 558, 1308, 1307
1307, 559, 1309, 1308
1307, 559, 558, 1308
1308, 560, 1310, 561
1309, 561, 1311, 1310
1308, 1310, 1309, 561
1310, 560, 1312, 1313
1311, 561, 1313, 1310
1310, 560, 561, 1313
1312, 562, 1314, 1313
1313, 563, 1315, 562
562, 1314, 1313, 1315
1314, 562, 1316, 1315
1315, 563, 1317, 1316
1315, 563, 562, 1316
1316, 564, 1318, 565
1317, 565, 1319, 1318
1316, 1318, 1317, 565
1318, 564, 1320, 1321
1319, 565, 1321, 1318
1318, 564, 565, 1321
1320, 566, 1322, 1321
1321, 567, 1323, 566
566, 1322, 1321, 1323
1322, 566, 1324, 1323
1323, 567, 1325, 1324
1323, 567, 566, 1324
1324, 568, 1326, 569
1325, 569, 1327, 1326
1324, 1326, 1325, 569
1326, 568, 1328, 1329
1327, 569, 1329, 1326
1326, 568, 569, 1329
1328, 570, 1330, 1329
1329, 571, 1331, 570
570, 1330, 1329, 1331
1330, 570, 1332, 1331
1331, 571, 1333, 1332
1331, 571, 570, 1332
1332, 572, 1334, 573
1333, 573, 1335, 1334
1332, 1334, 1333, 573
1334, 572, 1336, 1337
1335, 573, 1337, 1334
1334, 572, 573, 1337
1336, 574, 1338, 1337
1337, 575, 1339, 574
574, 1338, 1337, 1339
1338, 574, 1340, 1339
1339, 575, 1341, 1340
1339, 575, 574, 1340
1340, 192, 1342, 193
1341, 193, 1343, 1342
1340, 1342, 1341, 193
1342, 192, 576, 577
1343, 193, 577, 1342
1342, 192, 193, 577
