48, 16, 19, 49
49, 40, 43, 19
49, 40, 16, 19
52, 19, 20, 53
53, 43, 44, 20
53, 43, 19, 20
56, 20, 21, 57
57, 44, 45, 21
57, 44, 20, 21
60, 21, 23, 61
61, 45, 47, 23
61, 45, 21, 23
64, 23, 22, 65
65, 47, 46, 22
65, 47, 23, 22
68, 22, 18, 69
69, 46, 42, 18
69, 46, 22, 18
72, 18, 17, 73
73, 42, 41, 17
73, 42, 18, 17
76, 17, 14, 77
77, 41, 38, 14
77, 41, 17, 14
80, 14, 12, 81
81, 38, 36, 12
81, 38, 14, 12
84, 12, 10, 85
85, 36, 34, 10
85, 36, 12, 10
88, 10, 8, 89
89, 34, 32, 8
89, 34, 10, 8
92, 8, 6, 93
93, 32, 30, 6
93, 32, 8, 6
96, 6, 4, 97
97, 30, 28, 4
97, 30, 6, 4
100, 4, 2, 101
101, 28, 26, 2
101, 28, 4, 2
104, 2, 1, 105
105, 26, 25, 1
105, 26, 2, 1
108, 1, 0, 109
109, 25, 24, 0
109, 25, 1, 0
112, 0, 3, 113
113, 24, 27, 3
113, 24, 0, 3
116, 3, 5, 117
117, 27, 29, 5
117, 27, 3, 5
120, 5, 7, 121
121, 29, 31, 7
121, 29, 5, 7
124, 7, 9, 125
125, 31, 33, 9
125, 31, 7, 9
128, 9, 11, 129
129, 33, 35, 11
129, 33, 9, 11
132, 11, 13, 133
133, 35, 37, 13
133, 35, 11, 13
136, 13, 15, 137
137, 37, 39, 15
137, 37, 13, 15
140, 15, 16, 141
141, 39, 40, 16
141, 39, 15, 16
48, 19, 50, 49
49, 43, 51, 50
49, 43, 19, 50
50, 19, 52, 53
51, 43, 53, 50
50, 19, 43, 53
52, 20, 54, 53
53, 44, 55, 54
53, 44, 20, 54
54, 20, 56, 57
55, 44, 57, 54
54, 20, 44, 57
56, 21, 58, 57
57, 45, 59, 58
57, 45, 21, 58
58, 21, 60, 61
59, 45, 61, 58
58, 21, 45, 61
60, 23, 62, 61
61, 47, 63, 62
61, 47, 23, 62
62, 23, 64, 65
63, 47, 65, 62
62, 23, 47, 65
64, 22, 66, 65
65, 46, 67, 66
65, 46, 22, 66
66, 22, 68, 69
67, 46, 69, 66
66, 22, 46, 69
68, 18, 70, 69
69, 42, 71, 70
69, 42, 18, 70
70, 18, 72, 73
71, 42, 73, 70
70, 18, 42, 73
72, 17, 74, 73
73, 41, 75, 74
73, 41, 17, 74
74, 17, 76, 77
75, 41, 77, 74
74, 17, 41, 77
76, 14, 78, 77
77, 38, 79, 78
77, 38, 14, 78
78, 14, 80, 81
79, 38, 81, 78
78, 14, 38, 81
80, 12, 82, 81
81, 36, 83, 82
81, 36, 12, 82
82, 12, 84, 85
83, 36, 85, 82
82, 12, 36, 85
84, 10, 86, 85
85, 34, 87, 86
85, 34, 10, 86
86, 10, 88, 89
87, 34, 89, 86
86, 10, 34, 89
88, 8, 90, 89
89, 32, 91, 90
89, 32, 8, 90
90, 8, 92, 93
91, 32, 93, 90
90, 8, 32, 93
92, 6, 94, 93
93, 30, 95, 94
93, 30, 6, 94
94, 6, 96, 97
95, 30, 97, 94
94, 6, 30, 97
96, 4, 98, 97
97, 28, 99, 98
97, 28, 4, 98
98, 4, 100, 101
99, 28, 101, 98
98, 4, 28, 101
100, 2, 102, 101
101, 26, 103, 102
101, 26, 2, 102
102, 2, 104, 105
103, 26, 105, 102
102, 2, 26, 105
104, 1, 106, 105
105, 25, 107, 106
105, 25, 1, 106
106, 1, 108, 109
107, 25, 109, 106
106, 1, 25, 109
108, 0, 110, 109
109, 24, 111, 110
109, 24, 0, 110
110, 0, 112, 113
111, 24, 113, 110
110, 0, 24, 113
112, 3, 114, 113
113, 27, 115, 114
113, 27, 3, 114
114, 3, 116, 117
115, 27, 117, 114
114, 3, 27, 117
116, 5, 118, 117
117, 29, 119, 118
117, 29, 5, 118
118, 5, 120, 121
119, 29, 121, 118
118, 5, 29, 121
120, 7, 122, 121
121, 31, 123, 122
121, 31, 7, 122
122, 7, 124, 125
123, 31, 125, 122
122, 7, 31, 125
124, 9, 126, 125
125, 33, 127, 126
125, 33, 9, 126
126, 9, 128, 129
127, 33, 129, 126
126, 9, 33, 129
128, 11, 130, 129
129, 35, 131, 130
129, 35, 11, 130
130, 11, 132, 133
131, 35, 133, 130
130, 11, 35, 133
132, 13, 134, 133
133, 37, 135, 134
133, 37, 13, 134
134, 13, 136, 137
135, 37, 137, 134
134, 13, 37, 137
136, 15, 138, 137
137, 39, 139, 138
137, 39, 15, 138
138, 15, 140, 141
139, 39, 141, 138
138, 15, 39, 141
140, 16, 142, 141
141, 40, 143, 142
141, 40, 16, 142
142, 16, 48, 49
143, 40, 49, 142
142, 16, 40, 49
144, 48, 50, 145
145, 49, 51, 50
145, 49, 48, 50
50, 52, 148, 53
51, 53, 149, 148
50, 148, 51, 53
152, 52, 54, 153
153, 53, 55, 54
153, 53, 52, 54
54, 56, 156, 57
55, 57, 157, 156
54, 156, 55, 57
160, 56, 58, 161
161, 57, 59, 58
161, 57, 56, 58
58, 60, 164, 61
59, 61, 165, 164
58, 164, 59, 61
168, 60, 62, 169
169, 61, 63, 62
169, 61, 60, 62
62, 64, 172, 65
63, 65, 173, 172
62, 172, 63, 65
176, 64, 66, 177
177, 65, 67, 66
177, 65, 64, 66
66, 68, 180, 69
67, 69, 181, 180
66, 180, 67, 69
184, 68, 70, 185
185, 69, 71, 70
185, 69, 68, 70
70, 72, 188, 73
71, 73, 189, 188
70, 188, 71, 73
192, 72, 74, 193
193, 73, 75, 74
193, 73, 72, 74
74, 76, 196, 77
75, 77, 197, 196
74, 196, 75, 77
200, 76, 78, 201
201, 77, 79, 78
201, 77, 76, 78
78, 80, 204, 81
79, 81, 205, 204
78, 204, 79, 81
208, 80, 82, 209
209, 81, 83, 82
209, 81, 80, 82
82, 84, 212, 85
83, 85, 213, 212
82, 212, 83, 85
216, 84, 86, 217
217, 85, 87, 86
217, 85, 84, 86
86, 88, 220, 89
87, 89, 221, 220
86, 220, 87, 89
224, 88, 90, 225
225, 89, 91, 90
225, 89, 88, 90
90, 92, 228, 93
91, 93, 229, 228
90, 228, 91, 93
232, 92, 94, 233
233, 93, 95, 94
233, 93, 92, 94
94, 96, 236, 97
95, 97, 237, 236
94, 236, 95, 97
240, 96, 98, 241
241, 97, 99, 98
241, 97, 96, 98
98, 100, 244, 101
99, 101, 245, 244
98, 244, 99, 101
248, 100, 102, 249
249, 101, 103, 102
249, 101, 100, 102
102, 104, 252, 105
103, 105, 253, 252
102, 252, 103, 105
256, 104, 106, 257
257, 105, 107, 106
257, 105, 104, 106
106, 108, 260, 109
107, 109, 261, 260
106, 260, 107, 109
264, 108, 110, 265
265, 109, 111, 110
265, 109, 108, 110
110, 112, 268, 113
111, 113, 269, 268
110, 268, 111, 113
272, 112, 114, 273
273, 113, 115, 114
273, 113, 112, 114
114, 116, 276, 117
115, 117, 277, 276
114, 276, 115, 117
280, 116, 118, 281
281, 117, 119, 118
281, 117, 116, 118
118, 120, 284, 121
119, 121, 285, 284
118, 284, 119, 121
288, 120, 122, 289
289, 121, 123, 122
289, 121, 120, 122
122, 124, 292, 125
123, 125, 293, 292
122, 292, 123, 125
296, 124, 126, 297
297, 125, 127, 126
297, 125, 124, 126
126, 128, 300, 129
127, 129, 301, 300
126, 300, 127, 129
304, 128, 130, 305
305, 129, 131, 130
305, 129, 128, 130
130, 132, 308, 133
131, 133, 309, 308
130, 308, 131, 133
312, 132, 134, 313
313, 133, 135, 134
313, 133, 132, 134
134, 136, 316, 137
135, 137, 317, 316
134, 316, 135, 137
320, 136, 138, 321
321, 137, 139, 138
321, 137, 136, 138
138, 140, 324, 141
139, 141, 325, 324
138, 324, 139, 141
328, 140, 142, 329
329, 141, 143, 142
329, 141, 140, 142
142, 48, 332, 49
143, 49, 333, 332
142, 332, 143, 49
144, 50, 146, 145
145, 51, 147, 50
50, 146, 145, 147
146, 50, 148, 147
147, 51, 149, 148
147, 51, 50, 148
148, 52, 150, 53
149, 53, 151, 150
148, 150, 149, 53
150, 52, 152, 153
151, 53, 153, 150
150, 52, 53, 153
152, 54, 154, 153
153, 55, 155, 54
54, 154, 153, 155
154, 54, 156, 155
155, 55, 157, 156
155, 55, 54, 156
156, 56, 158, 57
157, 57, 159, 158
156, 158, 157, 57
158, 56, 160, 161
159, 57, 161, 158
158, 56, 57, 161
160, 58, 162, 161
161, 59, 163, 58
58, 162, 161, 163
162, 58, 164, 163
163, 59, 165, 164
163, 59, 58, 164
164, 60, 166, 61
165, 61, 167, 166
164, 166, 165, 61
166, 60, 168, 169
167, 61, 169, 166
166, 60, 61, 169
168, 62, 170, 169
169, 63, 171, 62
62, 170, 169, 171
170, 62, 172, 171
171, 63, 173, 172
171, 63, 62, 172
172, 64, 174, 65
173, 65, 175, 174
172, 174, 173, 65
174, 64, 176, 177
175, 65, 177, 174
174, 64, 65, 177
176, 66, 178, 177
177, 67, 179, 66
66, 178, 177, 179
178, 66, 180, 179
179, 67, 181, 180
179, 67, 66, 180
180, 68, 182, 69
181, 69, 183, 182
180, 182, 181, 69
182, 68, 184, 185
183, 69, 185, 182
182, 68, 69, 185
184, 70, 186, 185
185, 71, 187, 70
70, 186, 185, 187
186, 70, 188, 187
187, 71, 189, 188
187, 71, 70, 188
188, 72, 190, 73
189, 73, 191, 190
188, 190, 189, 73
190, 72, 192, 193
191, 73, 193, 190
190, 72, 73, 193
192, 74, 194, 193
193, 75, 195, 74
74, 194, 193, 195
194, 74, 196, 195
195, 75, 197, 196
195, 75, 74, 196
196, 76, 198, 77
197, 77, 199, 198
196, 198, 197, 77
198, 76, 200, 201
199, 77, 201, 198
198, 76, 77, 201
200, 78, 202, 201
201, 79, 203, 78
78, 202, 201, 203
202, 78, 204, 203
203, 79, 205, 204
203, 79, 78, 204
204, 80, 206, 81
205, 81, 207, 206
204, 206, 205, 81
206, 80, 208, 209
207, 81, 209, 206
206, 80, 81, 209
208, 82, 210, 209
209, 83, 211, 82
82, 210, 209, 211
210, 82, 212, 211
211, 83, 213, 212
211, 83, 82, 212
212, 84, 214, 85
213, 85, 215, 214
212, 214, 213, 85
214, 84, 216, 217
215, 85, 217, 214
214, 84, 85, 217
216, 86, 218, 217
217, 87, 219, 86
86, 218, 217, 219
218, 86, 220, 219
219, 87, 221, 220
219, 87, 86, 220
220, 88, 222, 89
221, 89, 223, 222
220, 222, 221, 89
222, 88, 224, 225
223, 89, 225, 222
222, 88, 89, 225
224, 90, 226, 225
225, 91, 227, 90
90, 226, 225, 227
226, 90, 228, 227
227, 91, 229, 228
227, 91, 90, 228
228, 92, 230, 93
229, 93, 231, 230
228, 230, 229, 93
230, 92, 232, 233
231, 93, 233, 230
230, 92, 93, 233
232, 94, 234, 233
233, 95, 235, 94
94, 234, 233, 235
234, 94, 236, 235
235, 95, 237, 236
235, 95, 94, 236
236, 96, 238, 97
237, 97, 239, 238
236, 238, 237, 97
238, 96, 240, 241
239, 97, 241, 238
238, 96, 97, 241
240, 98, 242, 241
241, 99, 243, 98
98, 242, 241, 243
242, 98, 244, 243
243, 99, 245, 244
243, 99, 98, 244
244, 100, 246, 101
245, 101, 247, 246
244, 246, 245, 101
246, 100, 248, 249
247, 101, 249, 246
246, 100, 101, 249
248, 102, 250, 249
249, 103, 251, 102
102, 250, 249, 251
250, 102, 252, 251
251, 103, 253, 252
251, 103, 102, 252
252, 104, 254, 105
253, 105, 255, 254
252, 254, 253, 105
254, 104, 256, 257
255, 105, 257, 254
254, 104, 105, 257
256, 106, 258, 257
257, 107, 259, 106
106, 258, 257, 259
258, 106, 260, 259
259, 107, 261, 260
259, 107, 106, 260
260, 108, 262, 109
261, 109, 263, 262
260, 262, 261, 109
262, 108, 264, 265
263, 109, 265, 262
262, 108, 109, 265
264, 110, 266, 265
265, 111, 267, 110
110, 266, 265, 267
266, 110, 268, 267
267, 111, 269, 268
267, 111, 110, 268
268, 112, 270, 113
269, 113, 271, 270
268, 270, 269, 113
270, 112, 272, 273
271, 113, 273, 270
270, 112, 113, 273
272, 114, 274, 273
273, 115, 275, 114
114, 274, 273, 275
274, 114, 276, 275
275, 115, 277, 276
275, 115, 114, 276
276, 116, 278, 117
277, 117, 279, 278
276, 278, 277, 117
278, 116, 280, 281
279, 117, 281, 278
278, 116, 117, 281
280, 118, 282, 281
281, 119, 283, 118
118, 282, 281, 283
282, 118, 284, 283
283, 119, 285, 284
283, 119, 118, 284
284, 120, 286, 121
285, 121, 287, 286
284, 286, 285, 121
286, 120, 288, 289
287, 121, 289, 286
286, 120, 121, 289
288, 122, 290, 289
289, 123, 291, 122
122, 290, 289, 291
290, 122, 292, 291
291, 123, 293, 292
291, 123, 122, 292
292, 124, 294, 125
293, 125, 295, 294
292, 294, 293, 125
294, 124, 296, 297
295, 125, 297, 294
294, 124, 125, 297
296, 126, 298, 297
297, 127, 299, 126
126, 298, 297, 299
298, 126, 300, 299
299, 127, 301, 300
299, 127, 126, 300
300, 128, 302, 129
301, 129, 303, 302
300, 302, 301, 129
302, 128, 304, 305
303, 129, 305, 302
302, 128, 129, 305
304, 130, 306, 305
305, 131, 307, 130
130, 306, 305, 307
306, 130, 308, 307
307, 131, 309, 308
307, 131, 130, 308
308, 132, 310, 133
309, 133, 311, 310
308, 310, 309, 133
310, 132, 312, 313
311, 133, 313, 310
310, 132, 133, 313
312, 134, 314, 313
313, 135, 315, 134
134, 314, 313, 315
314, 134, 316, 315
315, 135, 317, 316
315, 135, 134, 316
316, 136, 318, 137
317, 137, 319, 318
316, 318, 317, 137
318, 136, 320, 321
319, 137, 321, 318
318, 136, 137, 321
320, 138, 322, 321
321, 139, 323, 138
138, 322, 321, 323
322, 138, 324, 323
323, 139, 325, 324
323, 139, 138, 324
324, 140, 326, 141
325, 141, 327, 326
324, 326, 325, 141
326, 140, 328, 329
327, 141, 329, 326
326, 140, 141, 329
328, 142, 330, 329
329, 143, 331, 142
142, 330, 329, 331
330, 142, 332, 331
331, 143, 333, 332
331, 143, 142, 332
332, 48, 334, 49
333, 49, 335, 334
332, 334, 333, 49
334, 48, 144, 145
335, 49, 145, 334
334, 48, 49, 145
336, 144, 146, 337
337, 145, 147, 146
337, 145, 144, 146
340, 146, 148, 341
341, 147, 149, 148
341, 147, 146, 148
344, 148, 150, 345
345, 149, 151, 150
345, 149, 148, 150
150, 152, 348, 153
151, 153, 349, 348
150, 348, 151, 153
352, 152, 154, 353
353, 153, 155, 154
353, 153, 152, 154
356, 154, 156, 357
357, 155, 157, 156
357, 155, 154, 156
360, 156, 158, 361
361, 157, 159, 158
361, 157, 156, 158
158, 160, 364, 161
159, 161, 365, 364
158, 364, 159, 161
368, 160, 162, 369
369, 161, 163, 162
369, 161, 160, 162
372, 162, 164, 373
373, 163, 165, 164
373, 163, 162, 164
376, 164, 166, 377
377, 165, 167, 166
377, 165, 164, 166
166, 168, 380, 169
167, 169, 381, 380
166, 380, 167, 169
384, 168, 170, 385
385, 169, 171, 170
385, 169, 168, 170
388, 170, 172, 389
389, 171, 173, 172
389, 171, 170, 172
392, 172, 174, 393
393, 173, 175, 174
393, 173, 172, 174
174, 176, 396, 177
175, 177, 397, 396
174, 396, 175, 177
400, 176, 178, 401
401, 177, 179, 178
401, 177, 176, 178
404, 178, 180, 405
405, 179, 181, 180
405, 179, 178, 180
408, 180, 182, 409
409, 181, 183, 182
409, 181, 180, 182
182, 184, 412, 185
183, 185, 413, 412
182, 412, 183, 185
416, 184, 186, 417
417, 185, 187, 186
417, 185, 184, 186
420, 186, 188, 421
421, 187, 189, 188
421, 187, 186, 188
424, 188, 190, 425
425, 189, 191, 190
425, 189, 188, 190
190, 192, 428, 193
191, 193, 429, 428
190, 428, 191, 193
432, 192, 194, 433
433, 193, 195, 194
433, 193, 192, 194
436, 194, 196, 437
437, 195, 197, 196
437, 195, 194, 196
440, 196, 198, 441
441, 197, 199, 198
441, 197, 196, 198
198, 200, 444, 201
199, 201, 445, 444
198, 444, 199, 201
448, 200, 202, 449
449, 201, 203, 202
449, 201, 200, 202
452, 202, 204, 453
453, 203, 205, 204
453, 203, 202, 204
456, 204, 206, 457
457, 205, 207, 206
457, 205, 204, 206
206, 208, 460, 209
207, 209, 461, 460
206, 460, 207, 209
464, 208, 210, 465
465, 209, 211, 210
465, 209, 208, 210
468, 210, 212, 469
469, 211, 213, 212
469, 211, 210, 212
472, 212, 214, 473
473, 213, 215, 214
473, 213, 212, 214
214, 216, 476, 217
215, 217, 477, 476
214, 476, 215, 217
480, 216, 218, 481
481, 217, 219, 218
481, 217, 216, 218
484, 218, 220, 485
485, 219, 221, 220
485, 219, 218, 220
488, 220, 222, 489
489, 221, 223, 222
489, 221, 220, 222
222, 224, 492, 225
223, 225, 493, 492
222, 492, 223, 225
496, 224, 226, 497
497, 225, 227, 226
497, 225, 224, 226
500, 226, 228, 501
501, 227, 229, 228
501, 227, 226, 228
504, 228, 230, 505
505, 229, 231, 230
505, 229, 228, 230
230, 232, 508, 233
231, 233, 509, 508
230, 508, 231, 233
512, 232, 234, 513
513, 233, 235, 234
513, 233, 232, 234
516, 234, 236, 517
517, 235, 237, 236
517, 235, 234, 236
520, 236, 238, 521
521, 237, 239, 238
521, 237, 236, 238
238, 240, 524, 241
239, 241, 525, 524
238, 524, 239, 241
528, 240, 242, 529
529, 241, 243, 242
529, 241, 240, 242
532, 242, 244, 533
533, 243, 245, 244
533, 243, 242, 244
536, 244, 246, 537
537, 245, 247, 246
537, 245, 244, 246
246, 248, 540, 249
247, 249, 541, 540
246, 540, 247, 249
544, 248, 250, 545
545, 249, 251, 250
545, 249, 248, 250
548, 250, 252, 549
549, 251, 253, 252
549, 251, 250, 252
552, 252, 254, 553
553, 253, 255, 254
553, 253, 252, 254
254, 256, 556, 257
255, 257, 557, 556
254, 556, 255, 257
560, 256, 258, 561
561, 257, 259, 258
561, 257, 256, 258
564, 258, 260, 565
565, 259, 261, 260
565, 259, 258, 260
568, 260, 262, 569
569, 261, 263, 262
569, 261, 260, 262
262, 264, 572, 265
263, 265, 573, 572
262, 572, 263, 265
576, 264, 266, 577
577, 265, 267, 266
577, 265, 264, 266
580, 266, 268, 581
581, 267, 269, 268
581, 267, 266, 268
584, 268, 270, 585
585, 269, 271, 270
585, 269, 268, 270
270, 272, 588, 273
271, 273, 589, 588
270, 588, 271, 273
592, 272, 274, 593
593, 273, 275, 274
593, 273, 272, 274
596, 274, 276, 597
597, 275, 277, 276
597, 275, 274, 276
600, 276, 278, 601
601, 277, 279, 278
601, 277, 276, 278
278, 280, 604, 281
279, 281, 605, 604
278, 604, 279, 281
608, 280, 282, 609
609, 281, 283, 282
609, 281, 280, 282
612, 282, 284, 613
613, 283, 285, 284
613, 283, 282, 284
616, 284, 286, 617
617, 285, 287, 286
617, 285, 284, 286
286, 288, 620, 289
287, 289, 621, 620
286, 620, 287, 289
624, 288, 290, 625
625, 289, 291, 290
625, 289, 288, 290
628, 290, 292, 629
629, 291, 293, 292
629, 291, 290, 292
632, 292, 294, 633
633, 293, 295, 294
633, 293, 292, 294
294, 296, 636, 297
295, 297, 637, 636
294, 636, 295, 297
640, 296, 298, 641
641, 297, 299, 298
641, 297, 296, 298
644, 298, 300, 645
645, 299, 301, 300
645, 299, 298, 300
648, 300, 302, 649
649, 301, 303, 302
649, 301, 300, 302
302, 304, 652, 305
303, 305, 653, 652
302, 652, 303, 305
656, 304, 306, 657
657, 305, 307, 306
657, 305, 304, 306
660, 306, 308, 661
661, 307, 309, 308
661, 307, 306, 308
664, 308, 310, 665
665, 309, 311, 310
665, 309, 308, 310
310, 312, 668, 313
311, 313, 669, 668
310, 668, 311, 313
672, 312, 314, 673
673, 313, 315, 314
673, 313, 312, 314
676, 314, 316, 677
677, 315, 317, 316
677, 315, 314, 316
680, 316, 318, 681
681, 317, 319, 318
681, 317, 316, 318
318, 320, 684, 321
319, 321, 685, 684
318, 684, 319, 321
688, 320, 322, 689
689, 321, 323, 322
689, 321, 320, 322
692, 322, 324, 693
693, 323, 325, 324
693, 323, 322, 324
696, 324, 326, 697
697, 325, 327, 326
697, 325, 324, 326
326, 328, 700, 329
327, 329, 701, 700
326, 700, 327, 329
704, 328, 330, 705
705, 329, 331, 330
705, 329, 328, 330
708, 330, 332, 709
709, 331, 333, 332
709, 331, 330, 332
712, 332, 334, 713
713, 333, 335, 334
713, 333, 332, 334
334, 144, 716, 145
335, 145, 717, 716
334, 716, 335, 145
336, 146, 338, 337
337, 147, 339, 338
337, 147, 146, 338
338, 146, 340, 341
339, 147, 341, 338
338, 146, 147, 341
340, 148, 342, 341
341, 149, 343, 342
341, 149, 148, 342
342, 148, 344, 345
343, 149, 345, 342
342, 148, 149, 345
344, 150, 346, 345
345, 151, 347, 150
150, 346, 345, 347
346, 150, 348, 347
347, 151, 349, 348
347, 151, 150, 348
348, 152, 350, 153
349, 153, 351, 350
348, 350, 349, 153
350, 152, 352, 353
351, 153, 353, 350
350, 152, 153, 353
352, 154, 354, 353
353, 155, 355, 354
353, 155, 154, 354
354, 154, 356, 357
355, 155, 357, 354
354, 154, 155, 357
356, 156, 358, 357
357, 157, 359, 358
357, 157, 156, 358
358, 156, 360, 361
359, 157, 361, 358
358, 156, 157, 361
360, 158, 362, 361
361, 159, 363, 158
158, 362, 361, 363
362, 158, 364, 363
363, 159, 365, 364
363, 159, 158, 364
364, 160, 366, 161
365, 161, 367, 366
364, 366, 365, 161
366, 160, 368, 369
367, 161, 369, 366
366, 160, 161, 369
368, 162, 370, 369
369, 163, 371, 370
369, 163, 162, 370
370, 162, 372, 373
371, 163, 373, 370
370, 162, 163, 373
372, 164, 374, 373
373, 165, 375, 374
373, 165, 164, 374
374, 164, 376, 377
375, 165, 377, 374
374, 164, 165, 377
376, 166, 378, 377
377, 167, 379, 166
166, 378, 377, 379
378, 166, 380, 379
379, 167, 381, 380
379, 167, 166, 380
380, 168, 382, 169
381, 169, 383, 382
380, 382, 381, 169
382, 168, 384, 385
383, 169, 385, 382
382, 168, 169, 385
384, 170, 386, 385
385, 171, 387, 386
385, 171, 170, 386
386, 170, 388, 389
387, 171, 389, 386
386, 170, 171, 389
388, 172, 390, 389
389, 173, 391, 390
389, 173, 172, 390
390, 172, 392, 393
391, 173, 393, 390
390, 172, 173, 393
392, 174, 394, 393
393, 175, 395, 174
174, 394, 393, 395
394, 174, 396, 395
395, 175, 397, 396
395, 175, 174, 396
396, 176, 398, 177
397, 177, 399, 398
396, 398, 397, 177
398, 176, 400, 401
399, 177, 401, 398
398, 176, 177, 401
400, 178, 402, 401
401, 179, 403, 402
401, 179, 178, 402
402, 178, 404, 405
403, 179, 405, 402
402, 178, 179, 405
404, 180, 406, 405
405, 181, 407, 406
405, 181, 180, 406
406, 180, 408, 409
407, 181, 409, 406
406, 180, 181, 409
408, 182, 410, 409
409, 183, 411, 182
182, 410, 409, 411
410, 182, 412, 411
411, 183, 413, 412
411, 183, 182, 412
412, 184, 414, 185
413, 185, 415, 414
412, 414, 413, 185
414, 184, 416, 417
415, 185, 417, 414
414, 184, 185, 417
416, 186, 418, 417
417, 187, 419, 418
417, 187, 186, 418
418, 186, 420, 421
419, 187, 421, 418
418, 186, 187, 421
420, 188, 422, 421
421, 189, 423, 422
421, 189, 188, 422
422, 188, 424, 425
423, 189, 425, 422
422, 188, 189, 425
424, 190, 426, 425
425, 191, 427, 190
190, 426, 425, 427
426, 190, 428, 427
427, 191, 429, 428
427, 191, 190, 428
428, 192, 430, 193
429, 193, 431, 430
428, 430, 429, 193
430, 192, 432, 433
431, 193, 433, 430
430, 192, 193, 433
432, 194, 434, 433
433, 195, 435, 434
433, 195, 194, 434
434, 194, 436, 437
435, 195, 437, 434
434, 194, 195, 437
436, 196, 438, 437
437, 197, 439, 438
437, 197, 196, 438
438, 196, 440, 441
439, 197, 441, 438
438, 196, 197, 441
440, 198, 442, 441
441, 199, 443, 198
198, 442, 441, 443
442, 198, 444, 443
443, 199, 445, 444
443, 199, 198, 444
444, 200, 446, 201
445, 201, 447, 446
444, 446, 445, 201
446, 200, 448, 449
447, 201, 449, 446
446, 200, 201, 449
448, 202, 450, 449
449, 203, 451, 450
449, 203, 202, 450
450, 202, 452, 453
451, 203, 453, 450
450, 202, 203, 453
452, 204, 454, 453
453, 205, 455, 454
453, 205, 204, 454
454, 204, 456, 457
455, 205, 457, 454
454, 204, 205, 457
456, 206, 458, 457
457, 207, 459, 206
206, 458, 457, 459
458, 206, 460, 459
459, 207, 461, 460
459, 207, 206, 460
460, 208, 462, 209
461, 209, 463, 462
460, 462, 461, 209
462, 208, 464, 465
463, 209, 465, 462
462, 208, 209, 465
464, 210, 466, 465
465, 211, 467, 466
465, 211, 210, 466
466, 210, 468, 469
467, 211, 469, 466
466, 210, 211, 469
468, 212, 470, 469
469, 213, 471, 470
469, 213, 212, 470
470, 212, 472, 473
471, 213, 473, 470
470, 212, 213, 473
472, 214, 474, 473
473, 215, 475, 214
214, 474, 473, 475
474, 214, 476, 475
475, 215, 477, 476
475, 215, 214, 476
476, 216, 478, 217
477, 217, 479, 478
476, 478, 477, 217
478, 216, 480, 481
479, 217, 481, 478
478, 216, 217, 481
480, 218, 482, 481
481, 219, 483, 482
481, 219, 218, 482
482, 218, 484, 485
483, 219, 485, 482
482, 218, 219, 485
484, 220, 486, 485
485, 221, 487, 486
485, 221, 220, 486
486, 220, 488, 489
487, 221, 489, 486
486, 220, 221, 489
488, 222, 490, 489
489, 223, 491, 222
222, 490, 489, 491
490, 222, 492, 491
491, 223, 493, 492
491, 223, 222, 492
492, 224, 494, 225
493, 225, 495, 494
492, 494, 493, 225
494, 224, 496, 497
495, 225, 497, 494
494, 224, 225, 497
496, 226, 498, 497
497, 227, 499, 498
497, 227, 226, 498
498, 226, 500, 501
499, 227, 501, 498
498, 226, 227, 501
500, 228, 502, 501
501, 229, 503, 502
501, 229, 228, 502
502, 228, 504, 505
503, 229, 505, 502
502, 228, 229, 505
504, 230, 506, 505
505, 231, 507, 230
230, 506, 505, 507
506, 230, 508, 507
507, 231, 509, 508
507, 231, 230, 508
508, 232, 510, 233
509, 233, 511, 510
508, 510, 509, 233
510, 232, 512, 513
511, 233, 513, 510
510, 232, 233, 513
512, 234, 514, 513
513, 235, 515, 514
513, 235, 234, 514
514, 234, 516, 517
515, 235, 517, 514
514, 234, 235, 517
516, 236, 518, 517
517, 237, 519, 518
517, 237, 236, 518
518, 236, 520, 521
519, 237, 521, 518
518, 236, 237, 521
520, 238, 522, 521
521, 239, 523, 238
238, 522, 521, 523
522, 238, 524, 523
523, 239, 525, 524
523, 239, 238, 524
524, 240, 526, 241
525, 241, 527, 526
524, 526, 525, 241
526, 240, 528, 529
527, 241, 529, 526
526, 240, 241, 529
528, 242, 530, 529
529, 243, 531, 530
529, 243, 242, 530
530, 242, 532, 533
531, 243, 533, 530
530, 242, 243, 533
532, 244, 534, 533
533, 245, 535, 534
533, 245, 244, 534
534, 244, 536, 537
535, 245, 537, 534
534, 244, 245, 537
536, 246, 538, 537
537, 247, 539, 246
246, 538, 537, 539
538, 246, 540, 539
539, 247, 541, 540
539, 247, 246, 540
540, 248, 542, 249
541, 249, 543, 542
540, 542, 541, 249
542, 248, 544, 545
543, 249, 545, 542
542, 248, 249, 545
544, 250, 546, 545
545, 251, 547, 546
545, 251, 250, 546
546, 250, 548, 549
547, 251, 549, 546
546, 250, 251, 549
548, 252, 550, 549
549, 253, 551, 550
549, 253, 252, 550
550, 252, 552, 553
551, 253, 553, 550
550, 252, 253, 553
552, 254, 554, 553
553, 255, 555, 254
254, 554, 553, 555
554, 254, 556, 555
555, 255, 557, 556
555, 255, 254, 556
556, 256, 558, 257
557, 257, 559, 558
556, 558, 557, 257
558, 256, 560, 561
559, 257, 561, 558
558, 256, 257, 561
560, 258, 562, 561
561, 259, 563, 562
561, 259, 258, 562
562, 258, 564, 565
563, 259, 565, 562
562, 258, 259, 565
564, 260, 566, 565
565, 261, 567, 566
565, 261, 260, 566
566, 260, 568, 569
567, 261, 569, 566
566, 260, 261, 569
568, 262, 570, 569
569, 263, 571, 262
262, 570, 569, 571
570, 262, 572, 571
571, 263, 573, 572
571, 263, 262, 572
572, 264, 574, 265
573, 265, 575, 574
572, 574, 573, 265
574, 264, 576, 577
575, 265, 577, 574
574, 264, 265, 577
576, 266, 578, 577
577, 267, 579, 578
577, 267, 266, 578
578, 266, 580, 581
579, 267, 581, 578
578, 266, 267, 581
580, 268, 582, 581
581, 269, 583, 582
581, 269, 268, 582
582, 268, 584, 585
583, 269, 585, 582
582, 268, 269, 585
584, 270, 586, 585
585, 271, 587, 270
270, 586, 585, 587
586, 270, 588, 587
587, 271, 589, 588
587, 271, 270, 588
588, 272, 590, 273
589, 273, 591, 590
588, 590, 589, 273
590, 272, 592, 593
591, 273, 593, 590
590, 272, 273, 593
592, 274, 594, 593
593, 275, 595, 594
593, 275, 274, 594
594, 274, 596, 597
595, 275, 597, 594
594, 274, 275, 597
596, 276, 598, 597
597, 277, 599, 598
597, 277, 276, 598
598, 276, 600, 601
599, 277, 601, 598
598, 276, 277, 601
600, 278, 602, 601
601, 279, 603, 278
278, 602, 601, 603
602, 278, 604, 603
603, 279, 605, 604
603, 279, 278, 604
604, 280, 606, 281
605, 281, 607, 606
604, 606, 605, 281
606, 280, 608, 609
607, 281, 609, 606
606, 280, 281, 609
608, 282, 610, 609
609, 283, 611, 610
609, 283, 282, 610
610, 282, 612, 613
611, 283, 613, 610
610, 282, 283, 613
612, 284, 614, 613
613, 285, 615, 614
613, 285, 284, 614
614, 284, 616, 617
615, 285, 617, 614
614, 284, 285, 617
616, 286, 618, 617
617, 287, 619, 286
286, 618, 617, 619
618, 286, 620, 619
619, 287, 621, 620
619, 287, 286, 620
620, 288, 622, 289
621, 289, 623, 622
620, 622, 621, 289
622, 288, 624, 625
623, 289, 625, 622
622, 288, 289, 625
624, 290, 626, 625
625, 291, 627, 626
625, 291, 290, 626
626, 290, 628, 629
627, 291, 629, 626
626, 290, 291, 629
628, 292, 630, 629
629, 293, 631, 630
629, 293, 292, 630
630, 292, 632, 633
631, 293, 633, 630
630, 292, 293, 633
632, 294, 634, 633
633, 295, 635, 294
294, 634, 633, 635
634, 294, 636, 635
635, 295, 637, 636
635, 295, 294, 636
636, 296, 638, 297
637, 297, 639, 638
636, 638, 637, 297
638, 296, 640, 641
639, 297, 641, 638
638, 296, 297, 641
640, 298, 642, 641
641, 299, 643, 642
641, 299, 298, 642
642, 298, 644, 645
643, 299, 645, 642
642, 298, 299, 645
644, 300, 646, 645
645, 301, 647, 646
645, 301, 300, 646
646, 300, 648, 649
647, 301, 649, 646
646, 300, 301, 649
648, 302, 650, 649
649, 303, 651, 302
302, 650, 649, 651
650, 302, 652, 651
651, 303, 653, 652
651, 303, 302, 652
652, 304, 654, 305
653, 305, 655, 654
652, 654, 653, 305
654, 304, 656, 657
655, 305, 657, 654
654, 304, 305, 657
656, 306, 658, 657
657, 307, 659, 658
657, 307, 306, 658
658, 306, 660, 661
659, 307, 661, 658
658, 306, 307, 661
660, 308, 662, 661
661, 309, 663, 662
661, 309, 308, 662
662, 308, 664, 665
663, 309, 665, 662
662, 308, 309, 665
664, 310, 666, 665
665, 311, 667, 310
310, 666, 665, 667
666, 310, 668, 667
667, 311, 669, 668
667, 311, 310, 668
668, 312, 670, 313
669, 313, 671, 670
668, 670, 669, 313
670, 312, 672, 673
671, 313, 673, 670
670, 312, 313, 673
672, 314, 674, 673
673, 315, 675, 674
673, 315, 314, 674
674, 314, 676, 677
675, 315, 677, 674
674, 314, 315, 677
676, 316, 678, 677
677, 317, 679, 678
677, 317, 316, 678
678, 316, 680, 681
679, 317, 681, 678
678, 316, 317, 681
680, 318, 682, 681
681, 319, 683, 318
318, 682, 681, 683
682, 318, 684, 683
683, 319, 685, 684
683, 319, 318, 684
684, 320, 686, 321
685, 321, 687, 686
684, 686, 685, 321
686, 320, 688, 689
687, 321, 689, 686
686, 320, 321, 689
688, 322, 690, 689
689, 323, 691, 690
689, 323, 322, 690
690, 322, 692, 693
691, 323, 693, 690
690, 322, 323, 693
692, 324, 694, 693
693, 325, 695, 694
693, 325, 324, 694
694, 324, 696, 697
695, 325, 697, 694
694, 324, 325, 697
696, 326, 698, 697
697, 327, 699, 326
326, 698, 697, 699
698, 326, 700, 699
699, 327, 701, 700
699, 327, 326, 700
700, 328, 702, 329
701, 329, 703, 702
700, 702, 701, 329
702, 328, 704, 705
703, 329, 705, 702
702, 328, 329, 705
704, 330, 706, 705
705, 331, 707, 706
705, 331, 330, 706
706, 330, 708, 709
707, 331, 709, 706
706, 330, 331, 709
708, 332, 710, 709
709, 333, 711, 710
709, 333, 332, 710
710, 332, 712, 713
711, 333, 713, 710
710, 332, 333, 713
712, 334, 714, 713
713, 335, 715, 334
334, 714, 713, 715
714, 334, 716, 715
715, 335, 717, 716
715, 335, 334, 716
716, 144, 718, 145
717, 145, 719, 718
716, 718, 717, 145
718, 144, 336, 337
719, 145, 337, 718
718, 144, 145, 337
720, 336, 338, 721
721, 337, 339, 338
721, 337, 336, 338
338, 340, 724, 341
339, 341, 725, 724
338, 724, 339, 341
728, 340, 342, 729
729, 341, 343, 342
729, 341, 340, 342
342, 344, 732, 345
343, 345, 733, 732
342, 732, 343, 345
736, 344, 346, 737
737, 345, 347, 346
737, 345, 344, 346
740, 346, 348, 741
741, 347, 349, 348
741, 347, 346, 348
744, 348, 350, 745
745, 349, 351, 350
745, 349, 348, 350
350, 352, 748, 353
351, 353, 749, 748
350, 748, 351, 353
752, 352, 354, 753
753, 353, 355, 354
753, 353, 352, 354
354, 356, 756, 357
355, 357, 757, 756
354, 756, 355, 357
760, 356, 358, 761
761, 357, 359, 358
761, 357, 356, 358
358, 360, 764, 361
359, 361, 765, 764
358, 764, 359, 361
768, 360, 362, 769
769, 361, 363, 362
769, 361, 360, 362
772, 362, 364, 773
773, 363, 365, 364
773, 363, 362, 364
776, 364, 366, 777
777, 365, 367, 366
777, 365, 364, 366
366, 368, 780, 369
367, 369, 781, 780
366, 780, 367, 369
784, 368, 370, 785
785, 369, 371, 370
785, 369, 368, 370
370, 372, 788, 373
371, 373, 789, 788
370, 788, 371, 373
792, 372, 374, 793
793, 373, 375, 374
793, 373, 372, 374
374, 376, 796, 377
375, 377, 797, 796
374, 796, 375, 377
800, 376, 378, 801
801, 377, 379, 378
801, 377, 376, 378
804, 378, 380, 805
805, 379, 381, 380
805, 379, 378, 380
808, 380, 382, 809
809, 381, 383, 382
809, 381, 380, 382
382, 384, 812, 385
383, 385, 813, 812
382, 812, 383, 385
816, 384, 386, 817
817, 385, 387, 386
817, 385, 384, 386
386, 388, 820, 389
387, 389, 821, 820
386, 820, 387, 389
824, 388, 390, 825
825, 389, 391, 390
825, 389, 388, 390
390, 392, 828, 393
391, 393, 829, 828
390, 828, 391, 393
832, 392, 394, 833
833, 393, 395, 394
833, 393, 392, 394
836, 394, 396, 837
837, 395, 397, 396
837, 395, 394, 396
840, 396, 398, 841
841, 397, 399, 398
841, 397, 396, 398
398, 400, 844, 401
399, 401, 845, 844
398, 844, 399, 401
848, 400, 402, 849
849, 401, 403, 402
849, 401, 400, 402
402, 404, 852, 405
403, 405, 853, 852
402, 852, 403, 405
856, 404, 406, 857
857, 405, 407, 406
857, 405, 404, 406
406, 408, 860, 409
407, 409, 861, 860
406, 860, 407, 409
864, 408, 410, 865
865, 409, 411, 410
865, 409, 408, 410
868, 410, 412, 869
869, 411, 413, 412
869, 411, 410, 412
872, 412, 414, 873
873, 413, 415, 414
873, 413, 412, 414
414, 416, 876, 417
415, 417, 877, 876
414, 876, 415, 417
880, 416, 418, 881
881, 417, 419, 418
881, 417, 416, 418
418, 420, 884, 421
419, 421, 885, 884
418, 884, 419, 421
888, 420, 422, 889
889, 421, 423, 422
889, 421, 420, 422
422, 424, 892, 425
423, 425, 893, 892
422, 892, 423, 425
896, 424, 426, 897
897, 425, 427, 426
897, 425, 424, 426
900, 426, 428, 901
901, 427, 429, 428
901, 427, 426, 428
904, 428, 430, 905
905, 429, 431, 430
905, 429, 428, 430
430, 432, 908, 433
431, 433, 909, 908
430, 908, 431, 433
912, 432, 434, 913
913, 433, 435, 434
913, 433, 432, 434
434, 436, 916, 437
435, 437, 917, 916
434, 916, 435, 437
920, 436, 438, 921
921, 437, 439, 438
921, 437, 436, 438
438, 440, 924, 441
439, 441, 925, 924
438, 924, 439, 441
928, 440, 442, 929
929, 441, 443, 442
929, 441, 440, 442
932, 442, 444, 933
933, 443, 445, 444
933, 443, 442, 444
936, 444, 446, 937
937, 445, 447, 446
937, 445, 444, 446
446, 448, 940, 449
447, 449, 941, 940
446, 940, 447, 449
944, 448, 450, 945
945, 449, 451, 450
945, 449, 448, 450
450, 452, 948, 453
451, 453, 949, 948
450, 948, 451, 453
952, 452, 454, 953
953, 453, 455, 454
953, 453, 452, 454
454, 456, 956, 457
455, 457, 957, 956
454, 956, 455, 457
960, 456, 458, 961
961, 457, 459, 458
961, 457, 456, 458
964, 458, 460, 965
965, 459, 461, 460
965, 459, 458, 460
968, 460, 462, 969
969, 461, 463, 462
969, 461, 460, 462
462, 464, 972, 465
463, 465, 973, 972
462, 972, 463, 465
976, 464, 466, 977
977, 465, 467, 466
977, 465, 464, 466
466, 468, 980, 469
467, 469, 981, 980
466, 980, 467, 469
984, 468, 470, 985
985, 469, 471, 470
985, 469, 468, 470
470, 472, 988, 473
471, 473, 989, 988
470, 988, 471, 473
992, 472, 474, 993
993, 473, 475, 474
993, 473, 472, 474
996, 474, 476, 997
997, 475, 477, 476
997, 475, 474, 476
1000, 476, 478, 1001
1001, 477, 479, 478
1001, 477, 476, 478
478, 480, 1004, 481
479, 481, 1005, 1004
478, 1004, 479, 481
1008, 480, 482, 1009
1009, 481, 483, 482
1009, 481, 480, 482
482, 484, 1012, 485
483, 485, 1013, 1012
482, 1012, 483, 485
1016, 484, 486, 1017
1017, 485, 487, 486
1017, 485, 484, 486
486, 488, 1020, 489
487, 489, 1021, 1020
486, 1020, 487, 489
1024, 488, 490, 1025
1025, 489, 491, 490
1025, 489, 488, 490
1028, 490, 492, 1029
1029, 491, 493, 492
1029, 491, 490, 492
1032, 492, 494, 1033
1033, 493, 495, 494
1033, 493, 492, 494
494, 496, 1036, 497
495, 497, 1037, 1036
494, 1036, 495, 497
1040, 496, 498, 1041
1041, 497, 499, 498
1041, 497, 496, 498
498, 500, 1044, 501
499, 501, 1045, 1044
498, 1044, 499, 501
1048, 500, 502, 1049
1049, 501, 503, 502
1049, 501, 500, 502
502, 504, 1052, 505
503, 505, 1053, 1052
502, 1052, 503, 505
1056, 504, 506, 1057
1057, 505, 507, 506
1057, 505, 504, 506
1060, 506, 508, 1061
1061, 507, 509, 508
1061, 507, 506, 508
1064, 508, 510, 1065
1065, 509, 511, 510
1065, 509, 508, 510
510, 512, 1068, 513
511, 513, 1069, 1068
510, 1068, 511, 513
1072, 512, 514, 1073
1073, 513, 515, 514
1073, 513, 512, 514
514, 516, 1076, 517
515, 517, 1077, 1076
514, 1076, 515, 517
1080, 516, 518, 1081
1081, 517, 519, 518
1081, 517, 516, 518
518, 520, 1084, 521
519, 521, 1085, 1084
518, 1084, 519, 521
1088, 520, 522, 1089
1089, 521, 523, 522
1089, 521, 520, 522
1092, 522, 524, 1093
1093, 523, 525, 524
1093, 523, 522, 524
1096, 524, 526, 1097
1097, 525, 527, 526
1097, 525, 524, 526
526, 528, 1100, 529
527, 529, 1101, 1100
526, 1100, 527, 529
1104, 528, 530, 1105
1105, 529, 531, 530
1105, 529, 528, 530
530, 532, 1108, 533
531, 533, 1109, 1108
530, 1108, 531, 533
1112, 532, 534, 1113
1113, 533, 535, 534
1113, 533, 532, 534
534, 536, 1116, 537
535, 537, 1117, 1116
534, 1116, 535, 537
1120, 536, 538, 1121
1121, 537, 539, 538
1121, 537, 536, 538
1124, 538, 540, 1125
1125, 539, 541, 540
1125, 539, 538, 540
1128, 540, 542, 1129
1129, 541, 543, 542
1129, 541, 540, 542
542, 544, 1132, 545
543, 545, 1133, 1132
542, 1132, 543, 545
1136, 544, 546, 1137
1137, 545, 547, 546
1137, 545, 544, 546
546, 548, 1140, 549
547, 549, 1141, 1140
546, 1140, 547, 549
1144, 548, 550, 1145
1145, 549, 551, 550
1145, 549, 548, 550
550, 552, 1148, 553
551, 553, 1149, 1148
550, 1148, 551, 553
1152, 552, 554, 1153
1153, 553, 555, 554
1153, 553, 552, 554
1156, 554, 556, 1157
1157, 555, 557, 556
1157, 555, 554, 556
1160, 556, 558, 1161
1161, 557, 559, 558
1161, 557, 556, 558
558, 560, 1164, 561
559, 561, 1165, 1164
558, 1164, 559, 561
1168, 560, 562, 1169
1169, 561, 563, 562
1169, 561, 560, 562
562, 564, 1172, 565
563, 565, 1173, 1172
562, 1172, 563, 565
1176, 564, 566, 1177
1177, 565, 567, 566
1177, 565, 564, 566
566, 568, 1180, 569
567, 569, 1181, 1180
566, 1180, 567, 569
1184, 568, 570, 1185
1185, 569, 571, 570
1185, 569, 568, 570
1188, 570, 572, 1189
1189, 571, 573, 572
1189, 571, 570, 572
1192, 572, 574, 1193
1193, 573, 575, 574
1193, 573, 572, 574
574, 576, 1196, 577
575, 577, 1197, 1196
574, 1196, 575, 577
1200, 576, 578, 1201
1201, 577, 579, 578
1201, 577, 576, 578
578, 580, 1204, 581
579, 581, 1205, 1204
578, 1204, 579, 581
1208, 580, 582, 1209
1209, 581, 583, 582
1209, 581, 580, 582
582, 584, 1212, 585
583, 585, 1213, 1212
582, 1212, 583, 585
1216, 584, 586, 1217
1217, 585, 587, 586
1217, 585, 584, 586
1220, 586, 588, 1221
1221, 587, 589, 588
1221, 587, 586, 588
1224, 588, 590, 1225
1225, 589, 591, 590
1225, 589, 588, 590
590, 592, 1228, 593
591, 593, 1229, 1228
590, 1228, 591, 593
1232, 592, 594, 1233
1233, 593, 595, 594
1233, 593, 592, 594
594, 596, 1236, 597
595, 597, 1237, 1236
594, 1236, 595, 597
1240, 596, 598, 1241
1241, 597, 599, 598
1241, 597, 596, 598
598, 600, 1244, 601
599, 601, 1245, 1244
598, 1244, 599, 601
1248, 600, 602, 1249
1249, 601, 603, 602
1249, 601, 600, 602
1252, 602, 604, 1253
1253, 603, 605, 604
1253, 603, 602, 604
1256, 604, 606, 1257
1257, 605, 607, 606
1257, 605, 604, 606
606, 608, 1260, 609
607, 609, 1261, 1260
606, 1260, 607, 609
1264, 608, 610, 1265
1265, 609, 611, 610
1265, 609, 608, 610
610, 612, 1268, 613
611, 613, 1269, 1268
610, 1268, 611, 613
1272, 612, 614, 1273
1273, 613, 615, 614
1273, 613, 612, 614
614, 616, 1276, 617
615, 617, 1277, 1276
614, 1276, 615, 617
1280, 616, 618, 1281
1281, 617, 619, 618
1281, 617, 616, 618
1284, 618, 620, 1285
1285, 619, 621, 620
1285, 619, 618, 620
1288, 620, 622, 1289
1289, 621, 623, 622
1289, 621, 620, 622
622, 624, 1292, 625
623, 625, 1293, 1292
622, 1292, 623, 625
1296, 624, 626, 1297
1297, 625, 627, 626
1297, 625, 624, 626
626, 628, 1300, 629
627, 629, 1301, 1300
626, 1300, 627, 629
1304, 628, 630, 1305
1305, 629, 631, 630
1305, 629, 628, 630
630, 632, 1308, 633
631, 633, 1309, 1308
630, 1308, 631, 633
1312, 632, 634, 1313
1313, 633, 635, 634
1313, 633, 632, 634
1316, 634, 636, 1317
1317, 635, 637, 636
1317, 635, 634, 636
1320, 636, 638, 1321
1321, 637, 639, 638
1321, 637, 636, 638
638, 640, 1324, 641
639, 641, 1325, 1324
638, 1324, 639, 641
1328, 640, 642, 1329
1329, 641, 643, 642
1329, 641, 640, 642
642, 644, 1332, 645
643, 645, 1333, 1332
642, 1332, 643, 645
1336, 644, 646, 1337
1337, 645, 647, 646
1337, 645, 644, 646
646, 648, 1340, 649
647, 649, 1341, 1340
646, 1340, 647, 649
1344, 648, 650, 1345
1345, 649, 651, 650
1345, 649, 648, 650
1348, 650, 652, 1349
1349, 651, 653, 652
1349, 651, 650, 652
1352, 652, 654, 1353
1353, 653, 655, 654
1353, 653, 652, 654
654, 656, 1356, 657
655, 657, 1357, 1356
654, 1356, 655, 657
1360, 656, 658, 1361
1361, 657, 659, 658
1361, 657, 656, 658
658, 660, 1364, 661
659, 661, 1365, 1364
658, 1364, 659, 661
1368, 660, 662, 1369
1369, 661, 663, 662
1369, 661, 660, 662
662, 664, 1372, 665
663, 665, 1373, 1372
662, 1372, 663, 665
1376, 664, 666, 1377
1377, 665, 667, 666
1377, 665, 664, 666
1380, 666, 668, 1381
1381, 667, 669, 668
1381, 667, 666, 668
1384, 668, 670, 1385
1385, 669, 671, 670
1385, 669, 668, 670
670, 672, 1388, 673
671, 673, 1389, 1388
670, 1388, 671, 673
1392, 672, 674, 1393
1393, 673, 675, 674
1393, 673, 672, 674
674, 676, 1396, 677
675, 677, 1397, 1396
674, 1396, 675, 677
1400, 676, 678, 1401
1401, 677, 679, 678
1401, 677, 676, 678
678, 680, 1404, 681
679, 681, 1405, 1404
678, 1404, 679, 681
1408, 680, 682, 1409
1409, 681, 683, 682
1409, 681, 680, 682
1412, 682, 684, 1413
1413, 683, 685, 684
1413, 683, 682, 684
1416, 684, 686, 1417
1417, 685, 687, 686
1417, 685, 684, 686
686, 688, 1420, 689
687, 689, 1421, 1420
686, 1420, 687, 689
1424, 688, 690, 1425
1425, 689, 691, 690
1425, 689, 688, 690
690, 692, 1428, 693
691, 693, 1429, 1428
690, 1428, 691, 693
1432, 692, 694, 1433
1433, 693, 695, 694
1433, 693, 692, 694
694, 696, 1436, 697
695, 697, 1437, 1436
694, 1436, 695, 697
1440, 696, 698, 1441
1441, 697, 699, 698
1441, 697, 696, 698
1444, 698, 700, 1445
1445, 699, 701, 700
1445, 699, 698, 700
1448, 700, 702, 1449
1449, 701, 703, 702
1449, 701, 700, 702
702, 704, 1452, 705
703, 705, 1453, 1452
702, 1452, 703, 705
1456, 704, 706, 1457
1457, 705, 707, 706
1457, 705, 704, 706
706, 708, 1460, 709
707, 709, 1461, 1460
706, 1460, 707, 709
1464, 708, 710, 1465
1465, 709, 711, 710
1465, 709, 708, 710
710, 712, 1468, 713
711, 713, 1469, 1468
710, 1468, 711, 713
1472, 712, 714, 1473
1473, 713, 715, 714
1473, 713, 712, 714
1476, 714, 716, 1477
1477, 715, 717, 716
1477, 715, 714, 716
1480, 716, 718, 1481
1481, 717, 719, 718
1481, 717, 716, 718
718, 336, 1484, 337
719, 337, 1485, 1484
718, 1484, 719, 337
720, 338, 722, 721
721, 339, 723, 338
338, 722, 721, 723
722, 338, 724, 723
723, 339, 725, 724
723, 339, 338, 724
724, 340, 726, 341
725, 341, 727, 726
724, 726, 725, 341
726, 340, 728, 729
727, 341, 729, 726
726, 340, 341, 729
728, 342, 730, 729
729, 343, 731, 342
342, 730, 729, 731
730, 342, 732, 731
731, 343, 733, 732
731, 343, 342, 732
732, 344, 734, 345
733, 345, 735, 734
732, 734, 733, 345
734, 344, 736, 737
735, 345, 737, 734
734, 344, 345, 737
736, 346, 738, 737
737, 347, 739, 738
737, 347, 346, 738
738, 346, 740, 741
739, 347, 741, 738
738, 346, 347, 741
740, 348, 742, 741
741, 349, 743, 742
741, 349, 348, 742
742, 348, 744, 745
743, 349, 745, 742
742, 348, 349, 745
744, 350, 746, 745
745, 351, 747, 350
350, 746, 745, 747
746, 350, 748, 747
747, 351, 749, 748
747, 351, 350, 748
748, 352, 750, 353
749, 353, 751, 750
748, 750, 749, 353
750, 352, 752, 753
751, 353, 753, 750
750, 352, 353, 753
752, 354, 754, 753
753, 355, 755, 354
354, 754, 753, 755
754, 354, 756, 755
755, 355, 757, 756
755, 355, 354, 756
756, 356, 758, 357
757, 357, 759, 758
756, 758, 757, 357
758, 356, 760, 761
759, 357, 761, 758
758, 356, 357, 761
760, 358, 762, 761
761, 359, 763, 358
358, 762, 761, 763
762, 358, 764, 763
763, 359, 765, 764
763, 359, 358, 764
764, 360, 766, 361
765, 361, 767, 766
764, 766, 765, 361
766, 360, 768, 769
767, 361, 769, 766
766, 360, 361, 769
768, 362, 770, 769
769, 363, 771, 770
769, 363, 362, 770
770, 362, 772, 773
771, 363, 773, 770
770, 362, 363, 773
772, 364, 774, 773
773, 365, 775, 774
773, 365, 364, 774
774, 364, 776, 777
775, 365, 777, 774
774, 364, 365, 777
776, 366, 778, 777
777, 367, 779, 366
366, 778, 777, 779
778, 366, 780, 779
779, 367, 781, 780
779, 367, 366, 780
780, 368, 782, 369
781, 369, 783, 782
780, 782, 781, 369
782, 368, 784, 785
783, 369, 785, 782
782, 368, 369, 785
784, 370, 786, 785
785, 371, 787, 370
370, 786, 785, 787
786, 370, 788, 787
787, 371, 789, 788
787, 371, 370, 788
788, 372, 790, 373
789, 373, 791, 790
788, 790, 789, 373
790, 372, 792, 793
791, 373, 793, 790
790, 372, 373, 793
792, 374, 794, 793
793, 375, 795, 374
374, 794, 793, 795
794, 374, 796, 795
795, 375, 797, 796
795, 375, 374, 796
796, 376, 798, 377
797, 377, 799, 798
796, 798, 797, 377
798, 376, 800, 801
799, 377, 801, 798
798, 376, 377, 801
800, 378, 802, 801
801, 379, 803, 802
801, 379, 378, 802
802, 378, 804, 805
803, 379, 805, 802
802, 378, 379, 805
804, 380, 806, 805
805, 381, 807, 806
805, 381, 380, 806
806, 380, 808, 809
807, 381, 809, 806
806, 380, 381, 809
808, 382, 810, 809
809, 383, 811, 382
382, 810, 809, 811
810, 382, 812, 811
811, 383, 813, 812
811, 383, 382, 812
812, 384, 814, 385
813, 385, 815, 814
812, 814, 813, 385
814, 384, 816, 817
815, 385, 817, 814
814, 384, 385, 817
816, 386, 818, 817
817, 387, 819, 386
386, 818, 817, 819
818, 386, 820, 819
819, 387, 821, 820
819, 387, 386, 820
820, 388, 822, 389
821, 389, 823, 822
820, 822, 821, 389
822, 388, 824, 825
823, 389, 825, 822
822, 388, 389, 825
824, 390, 826, 825
825, 391, 827, 390
390, 826, 825, 827
826, 390, 828, 827
827, 391, 829, 828
827, 391, 390, 828
828, 392, 830, 393
829, 393, 831, 830
828, 830, 829, 393
830, 392, 832, 833
831, 393, 833, 830
830, 392, 393, 833
832, 394, 834, 833
833, 395, 835, 834
833, 395, 394, 834
834, 394, 836, 837
835, 395, 837, 834
834, 394, 395, 837
836, 396, 838, 837
837, 397, 839, 838
837, 397, 396, 838
838, 396, 840, 841
839, 397, 841, 838
838, 396, 397, 841
840, 398, 842, 841
841, 399, 843, 398
398, 842, 841, 843
842, 398, 844, 843
843, 399, 845, 844
843, 399, 398, 844
844, 400, 846, 401
845, 401, 847, 846
844, 846, 845, 401
846, 400, 848, 849
847, 401, 849, 846
846, 400, 401, 849
848, 402, 850, 849
849, 403, 851, 402
402, 850, 849, 851
850, 402, 852, 851
851, 403, 853, 852
851, 403, 402, 852
852, 404, 854, 405
853, 405, 855, 854
852, 854, 853, 405
854, 404, 856, 857
855, 405, 857, 854
854, 404, 405, 857
856, 406, 858, 857
857, 407, 859, 406
406, 858, 857, 859
858, 406, 860, 859
859, 407, 861, 860
859, 407, 406, 860
860, 408, 862, 409
861, 409, 863, 862
860, 862, 861, 409
862, 408, 864, 865
863, 409, 865, 862
862, 408, 409, 865
864, 410, 866, 865
865, 411, 867, 866
865, 411, 410, 866
866, 410, 868, 869
867, 411, 869, 866
866, 410, 411, 869
868, 412, 870, 869
869, 413, 871, 870
869, 413, 412, 870
870, 412, 872, 873
871, 413, 873, 870
870, 412, 413, 873
872, 414, 874, 873
873, 415, 875, 414
414, 874, 873, 875
874, 414, 876, 875
875, 415, 877, 876
875, 415, 414, 876
876, 416, 878, 417
877, 417, 879, 878
876, 878, 877, 417
878, 416, 880, 881
879, 417, 881, 878
878, 416, 417, 881
880, 418, 882, 881
881, 419, 883, 418
418, 882, 881, 883
882, 418, 884, 883
883, 419, 885, 884
883, 419, 418, 884
884, 420, 886, 421
885, 421, 887, 886
884, 886, 885, 421
886, 420, 888, 889
887, 421, 889, 886
886, 420, 421, 889
888, 422, 890, 889
889, 423, 891, 422
422, 890, 889, 891
890, 422, 892, 891
891, 423, 893, 892
891, 423, 422, 892
892, 424, 894, 425
893, 425, 895, 894
892, 894, 893, 425
894, 424, 896, 897
895, 425, 897, 894
894, 424, 425, 897
896, 426, 898, 897
897, 427, 899, 898
897, 427, 426, 898
898, 426, 900, 901
899, 427, 901, 898
898, 426, 427, 901
900, 428, 902, 901
901, 429, 903, 902
901, 429, 428, 902
902, 428, 904, 905
903, 429, 905, 902
902, 428, 429, 905
904, 430, 906, 905
905, 431, 907, 430
430, 906, 905, 907
906, 430, 908, 907
907, 431, 909, 908
907, 431, 430, 908
908, 432, 910, 433
909, 433, 911, 910
908, 910, 909, 433
910, 432, 912, 913
911, 433, 913, 910
910, 432, 433, 913
912, 434, 914, 913
913, 435, 915, 434
434, 914, 913, 915
914, 434, 916, 915
915, 435, 917, 916
915, 435, 434, 916
916, 436, 918, 437
917, 437, 919, 918
916, 918, 917, 437
918, 436, 920, 921
919, 437, 921, 918
918, 436, 437, 921
920, 438, 922, 921
921, 439, 923, 438
438, 922, 921, 923
922, 438, 924, 923
923, 439, 925, 924
923, 439, 438, 924
924, 440, 926, 441
925, 441, 927, 926
924, 926, 925, 441
926, 440, 928, 929
927, 441, 929, 926
926, 440, 441, 929
928, 442, 930, 929
929, 443, 931, 930
929, 443, 442, 930
930, 442, 932, 933
931, 443, 933, 930
930, 442, 443, 933
932, 444, 934, 933
933, 445, 935, 934
933, 445, 444, 934
934, 444, 936, 937
935, 445, 937, 934
934, 444, 445, 937
936, 446, 938, 937
937, 447, 939, 446
446, 938, 937, 939
938, 446, 940, 939
939, 447, 941, 940
939, 447, 446, 940
940, 448, 942, 449
941, 449, 943, 942
940, 942, 941, 449
942, 448, 944, 945
943, 449, 945, 942
942, 448, 449, 945
944, 450, 946, 945
945, 451, 947, 450
450, 946, 945, 947
946, 450, 948, 947
947, 451, 949, 948
947, 451, 450, 948
948, 452, 950, 453
949, 453, 951, 950
948, 950, 949, 453
950, 452, 952, 953
951, 453, 953, 950
950, 452, 453, 953
952, 454, 954, 953
953, 455, 955, 454
454, 954, 953, 955
954, 454, 956, 955
955, 455, 957, 956
955, 455, 454, 956
956, 456, 958, 457
957, 457, 959, 958
956, 958, 957, 457
958, 456, 960, 961
959, 457, 961, 958
958, 456, 457, 961
960, 458, 962, 961
961, 459, 963, 962
961, 459, 458, 962
962, 458, 964, 965
963, 459, 965, 962
962, 458, 459, 965
964, 460, 966, 965
965, 461, 967, 966
965, 461, 460, 966
966, 460, 968, 969
967, 461, 969, 966
966, 460, 461, 969
968, 462, 970, 969
969, 463, 971, 462
462, 970, 969, 971
970, 462, 972, 971
971, 463, 973, 972
971, 463, 462, 972
972, 464, 974, 465
973, 465, 975, 974
972, 974, 973, 465
974, 464, 976, 977
975, 465, 977, 974
974, 464, 465, 977
976, 466, 978, 977
977, 467, 979, 466
466, 978, 977, 979
978, 466, 980, 979
979, 467, 981, 980
979, 467, 466, 980
980, 468, 982, 469
981, 469, 983, 982
980, 982, 981, 469
982, 468, 984, 985
983, 469, 985, 982
982, 468, 469, 985
984, 470, 986, 985
985, 471, 987, 470
470, 986, 985, 987
986, 470, 988, 987
987, 471, 989, 988
987, 471, 470, 988
988, 472, 990, 473
989, 473, 991, 990
988, 990, 989, 473
990, 472, 992, 993
991, 473, 993, 990
990, 472, 473, 993
992, 474, 994, 993
993, 475, 995, 994
993, 475, 474, 994
994, 474, 996, 997
995, 475, 997, 994
994, 474, 475, 997
996, 476, 998, 997
997, 477, 999, 998
997, 477, 476, 998
998, 476, 1000, 1001
999, 477, 1001, 998
998, 476, 477, 1001
1000, 478, 1002, 1001
1001, 479, 1003, 478
478, 1002, 1001, 1003
1002, 478, 1004, 1003
1003, 479, 1005, 1004
1003, 479, 478, 1004
1004, 480, 1006, 481
1005, 481, 1007, 1006
1004, 1006, 1005, 481
1006, 480, 1008, 1009
1007, 481, 1009, 1006
1006, 480, 481, 1009
1008, 482, 1010, 1009
1009, 483, 1011, 482
482, 1010, 1009, 1011
1010, 482, 1012, 1011
1011, 483, 1013, 1012
1011, 483, 482, 1012
1012, 484, 1014, 485
1013, 485, 1015, 1014
1012, 1014, 1013, 485
1014, 484, 1016, 1017
1015, 485, 1017, 1014
1014, 484, 485, 1017
1016, 486, 1018, 1017
1017, 487, 1019, 486
486, 1018, 1017, 1019
1018, 486, 1020, 1019
1019, 487, 1021, 1020
1019, 487, 486, 1020
1020, 488, 1022, 489
1021, 489, 1023, 1022
1020, 1022, 1021, 489
1022, 488, 1024, 1025
1023, 489, 1025, 1022
1022, 488, 489, 1025
1024, 490, 1026, 1025
1025, 491, 1027, 1026
1025, 491, 490, 1026
1026, 490, 1028, 1029
1027, 491, 1029, 1026
1026, 490, 491, 1029
1028, 492, 1030, 1029
1029, 493, 1031, 1030
1029, 493, 492, 1030
1030, 492, 1032, 1033
1031, 493, 1033, 1030
1030, 492, 493, 1033
1032, 494, 1034, 1033
1033, 495, 1035, 494
494, 1034, 1033, 1035
1034, 494, 1036, 1035
1035, 495, 1037, 1036
1035, 495, 494, 1036
1036, 496, 1038, 497
1037, 497, 1039, 1038
1036, 1038, 1037, 497
1038, 496, 1040, 1041
1039, 497, 1041, 1038
1038, 496, 497, 1041
1040, 498, 1042, 1041
1041, 499, 1043, 498
498, 1042, 1041, 1043
1042, 498, 1044, 1043
1043, 499, 1045, 1044
1043, 499, 498, 1044
1044, 500, 1046, 501
1045, 501, 1047, 1046
1044, 1046, 1045, 501
1046, 500, 1048, 1049
1047, 501, 1049, 1046
1046, 500, 501, 1049
1048, 502, 1050, 1049
1049, 503, 1051, 502
502, 1050, 1049, 1051
1050, 502, 1052, 1051
1051, 503, 1053, 1052
1051, 503, 502, 1052
1052, 504, 1054, 505
1053, 505, 1055, 1054
1052, 1054, 1053, 505
1054, 504, 1056, 1057
1055, 505, 1057, 1054
1054, 504, 505, 1057
1056, 506, 1058, 1057
1057, 507, 1059, 1058
1057, 507, 506, 1058
1058, 506, 1060, 1061
1059, 507, 1061, 1058
1058, 506, 507, 1061
1060, 508, 1062, 1061
1061, 509, 1063, 1062
1061, 509, 508, 1062
1062, 508, 1064, 1065
1063, 509, 1065, 1062
1062, 508, 509, 1065
1064, 510, 1066, 1065
1065, 511, 1067, 510
510, 1066, 1065, 1067
1066, 510, 1068, 1067
1067, 511, 1069, 1068
1067, 511, 510, 1068
1068, 512, 1070, 513
1069, 513, 1071, 1070
1068, 1070, 1069, 513
1070, 512, 1072, 1073
1071, 513, 1073, 1070
1070, 512, 513, 1073
1072, 514, 1074, 1073
1073, 515, 1075, 514
514, 1074, 1073, 1075
1074, 514, 1076, 1075
1075, 515, 1077, 1076
1075, 515, 514, 1076
1076, 516, 1078, 517
1077, 517, 1079, 1078
1076, 1078, 1077, 517
1078, 516, 1080, 1081
1079, 517, 1081, 1078
1078, 516, 517, 1081
1080, 518, 1082, 1081
1081, 519, 1083, 518
518, 1082, 1081, 1083
1082, 518, 1084, 1083
1083, 519, 1085, 1084
1083, 519, 518, 1084
1084, 520, 1086, 521
1085, 521, 1087, 1086
1084, 1086, 1085, 521
1086, 520, 1088, 1089
1087, 521, 1089, 1086
1086, 520, 521, 1089
1088, 522, 1090, 1089
1089, 523, 1091, 1090
1089, 523, 522, 1090
1090, 522, 1092, 1093
1091, 523, 1093, 1090
1090, 522, 523, 1093
1092, 524, 1094, 1093
1093, 525, 1095, 1094
1093, 525, 524, 1094
1094, 524, 1096, 1097
1095, 525, 1097, 1094
1094, 524, 525, 1097
1096, 526, 1098, 1097
1097, 527, 1099, 526
526, 1098, 1097, 1099
1098, 526, 1100, 1099
1099, 527, 1101, 1100
1099, 527, 526, 1100
1100, 528, 1102, 529
1101, 529, 1103, 1102
1100, 1102, 1101, 529
1102, 528, 1104, 1105
1103, 529, 1105, 1102
1102, 528, 529, 1105
1104, 530, 1106, 1105
1105, 531, 1107, 530
530, 1106, 1105, 1107
1106, 530, 1108, 1107
1107, 531, 1109, 1108
1107, 531, 530, 1108
1108, 532, 1110, 533
1109, 533, 1111, 1110
1108, 1110, 1109, 533
1110, 532, 1112, 1113
1111, 533, 1113, 1110
1110, 532, 533, 1113
1112, 534, 1114, 1113
1113, 535, 1115, 534
534, 1114, 1113, 1115
1114, 534, 1116, 1115
1115, 535, 1117, 1116
1115, 535, 534, 1116
1116, 536, 1118, 537
1117, 537, 1119, 1118
1116, 1118, 1117, 537
1118, 536, 1120, 1121
1119, 537, 1121, 1118
1118, 536, 537, 1121
1120, 538, 1122, 1121
1121, 539, 1123, 1122
1121, 539, 538, 1122
1122, 538, 1124, 1125
1123, 539, 1125, 1122
1122, 538, 539, 1125
1124, 540, 1126, 1125
1125, 541, 1127, 1126
1125, 541, 540, 1126
1126, 540, 1128, 1129
1127, 541, 1129, 1126
1126, 540, 541, 1129
1128, 542, 1130, 1129
1129, 543, 1131, 542
542, 1130, 1129, 1131
1130, 542, 1132, 1131
1131, 543, 1133, 1132
1131, 543, 542, 1132
1132, 544, 1134, 545
1133, 545, 1135, 1134
1132, 1134, 1133, 545
1134, 544, 1136, 1137
1135, 545, 1137, 1134
1134, 544, 545, 1137
1136, 546, 1138, 1137
1137, 547, 1139, 546
546, 1138, 1137, 1139
1138, 546, 1140, 1139
1139, 547, 1141, 1140
1139, 547, 546, 1140
1140, 548, 1142, 549
1141, 549, 1143, 1142
1140, 1142, 1141, 549
1142, 548, 1144, 1145
1143, 549, 1145, 1142
1142, 548, 549, 1145
1144, 550, 1146, 1145
1145, 551, 1147, 550
550, 1146, 1145, 1147
1146, 550, 1148, 1147
1147, 551, 1149, 1148
1147, 551, 550, 1148
1148, 552, 1150, 553
1149, 553, 1151, 1150
1148, 1150, 1149, 553
1150, 552, 1152, 1153
1151, 553, 1153, 1150
1150, 552, 553, 1153
1152, 554, 1154, 1153
1153, 555, 1155, 1154
1153, 555, 554, 1154
1154, 554, 1156, 1157
1155, 555, 1157, 1154
1154, 554, 555, 1157
1156, 556, 1158, 1157
1157, 557, 1159, 1158
1157, 557, 556, 1158
1158, 556, 1160, 1161
1159, 557, 1161, 1158
1158, 556, 557, 1161
1160, 558, 1162, 1161
1161, 559, 1163, 558
558, 1162, 1161, 1163
1162, 558, 1164, 1163
1163, 559, 1165, 1164
1163, 559, 558, 1164
1164, 560, 1166, 561
1165, 561, 1167, 1166
1164, 1166, 1165, 561
1166, 560, 1168, 1169
1167, 561, 1169, 1166
1166, 560, 561, 1169
1168, 562, 1170, 1169
1169, 563, 1171, 562
562, 1170, 1169, 1171
1170, 562, 1172, 1171
1171, 563, 1173, 1172
1171, 563, 562, 1172
1172, 564, 1174, 565
1173, 565, 1175, 1174
1172, 1174, 1173, 565
1174, 564, 1176, 1177
1175, 565, 1177, 1174
1174, 564, 565, 1177
1176, 566, 1178, 1177
1177, 567, 1179, 566
566, 1178, 1177, 1179
1178, 566, 1180, 1179
1179, 567, 1181, 1180
1179, 567, 566, 1180
1180, 568, 1182, 569
1181, 569, 1183, 1182
1180, 1182, 1181, 569
1182, 568, 1184, 1185
1183, 569, 1185, 1182
1182, 568, 569, 1185
1184, 570, 1186, 1185
1185, 571, 1187, 1186
1185, 571, 570, 1186
1186, 570, 1188, 1189
1187, 571, 1189, 1186
1186, 570, 571, 1189
1188, 572, 1190, 1189
1189, 573, 1191, 1190
1189, 573, 572, 1190
1190, 572, 1192, 1193
1191, 573, 1193, 1190
1190, 572, 573, 1193
1192, 574, 1194, 1193
1193, 575, 1195, 574
574, 1194, 1193, 1195
1194, 574, 1196, 1195
1195, 575, 1197, 1196
1195, 575, 574, 1196
1196, 576, 1198, 577
1197, 577, 1199, 1198
1196, 1198, 1197, 577
1198, 576, 1200, 1201
1199, 577, 1201, 1198
1198, 576, 577, 1201
1200, 578, 1202, 1201
1201, 579, 1203, 578
578, 1202, 1201, 1203
1202, 578, 1204, 1203
1203, 579, 1205, 1204
1203, 579, 578, 1204
1204, 580, 1206, 581
1205, 581, 1207, 1206
1204, 1206, 1205, 581
1206, 580, 1208, 1209
1207, 581, 1209, 1206
1206, 580, 581, 1209
1208, 582, 1210, 1209
1209, 583, 1211, 582
582, 1210, 1209, 1211
1210, 582, 1212, 1211
1211, 583, 1213, 1212
1211, 583, 582, 1212
1212, 584, 1214, 585
1213, 585, 1215, 1214
1212, 1214, 1213, 585
1214, 584, 1216, 1217
1215, 585, 1217, 1214
1214, 584, 585, 1217
1216, 586, 1218, 1217
1217, 587, 1219, 1218
1217, 587, 586, 1218
1218, 586, 1220, 1221
1219, 587, 1221, 1218
1218, 586, 587, 1221
1220, 588, 1222, 1221
1221, 589, 1223, 1222
1221, 589, 588, 1222
1222, 588, 1224, 1225
1223, 589, 1225, 1222
1222, 588, 589, 1225
1224, 590, 1226, 1225
1225, 591, 1227, 590
590, 1226, 1225, 1227
1226, 590, 1228, 1227
1227, 591, 1229, 1228
1227, 591, 590, 1228
1228, 592, 1230, 593
1229, 593, 1231, 1230
1228, 1230, 1229, 593
1230, 592, 1232, 1233
1231, 593, 1233, 1230
1230, 592, 593, 1233
1232, 594, 1234, 1233
1233, 595, 1235, 594
594, 1234, 1233, 1235
1234, 594, 1236, 1235
1235, 595, 1237, 1236
1235, 595, 594, 1236
1236, 596, 1238, 597
1237, 597, 1239, 1238
1236, 1238, 1237, 597
1238, 596, 1240, 1241
1239, 597, 1241, 1238
1238, 596, 597, 1241
1240, 598, 1242, 1241
1241, 599, 1243, 598
598, 1242, 1241, 1243
1242, 598, 1244, 1243
1243, 599, 1245, 1244
1243, 599, 598, 1244
1244, 600, 1246, 601
1245, 601, 1247, 1246
1244, 1246, 1245, 601
1246, 600, 1248, 1249
1247, 601, 1249, 1246
1246, 600, 601, 1249
1248, 602, 1250, 1249
1249, 603, 1251, 1250
1249, 603, 602, 1250
1250, 602, 1252, 1253
1251, 603, 1253, 1250
1250, 602, 603, 1253
1252, 604, 1254, 1253
1253, 605, 1255, 1254
1253, 605, 604, 1254
1254, 604, 1256, 1257
1255, 605, 1257, 1254
1254, 604, 605, 1257
1256, 606, 1258, 1257
1257, 607, 1259, 606
606, 1258, 1257, 1259
1258, 606, 1260, 1259
1259, 607, 1261, 1260
1259, 607, 606, 1260
1260, 608, 1262, 609
1261, 609, 1263, 1262
1260, 1262, 1261, 609
1262, 608, 1264, 1265
1263, 609, 1265, 1262
1262, 608, 609, 1265
1264, 610, 1266, 1265
1265, 611, 1267, 610
610, 1266, 1265, 1267
1266, 610, 1268, 1267
1267, 611, 1269, 1268
1267, 611, 610, 1268
1268, 612, 1270, 613
1269, 613, 1271, 1270
1268, 1270, 1269, 613
1270, 612, 1272, 1273
1271, 613, 1273, 1270
1270, 612, 613, 1273
1272, 614, 1274, 1273
1273, 615, 1275, 614
614, 1274, 1273, 1275
1274, 614, 1276, 1275
1275, 615, 1277, 1276
1275, 615, 614, 1276
1276, 616, 1278, 617
1277, 617, 1279, 1278
1276, 1278, 1277, 617
1278, 616, 1280, 1281
1279, 617, 1281, 1278
1278, 616, 617, 1281
1280, 618, 1282, 1281
1281, 619, 1283, 1282
1281, 619, 618, 1282
1282, 618, 1284, 1285
1283, 619, 1285, 1282
1282, 618, 619, 1285
1284, 620, 1286, 1285
1285, 621, 1287, 1286
1285, 621, 620, 1286
1286, 620, 1288, 1289
1287, 621, 1289, 1286
1286, 620, 621, 1289
1288, 622, 1290, 1289
1289, 623, 1291, 622
622, 1290, 1289, 1291
1290, 622, 1292, 1291
1291, 623, 1293, 1292
1291, 623, 622, 1292
1292, 624, 1294, 625
1293, 625, 1295, 1294
1292, 1294, 1293, 625
1294, 624, 1296, 1297
1295, 625, 1297, 1294
1294, 624, 625, 1297
1296, 626, 1298, 1297
1297, 627, 1299, 626
626, 1298, 1297, 1299
1298, 626, 1300, 1299
1299, 627, 1301, 1300
1299, 627, 626, 1300
1300, 628, 1302, 629
1301, 629, 1303, 1302
1300, 1302, 1301, 629
1302, 628, 1304, 1305
1303, 629, 1305, 1302
1302, 628, 629, 1305
1304, 630, 1306, 1305
1305, 631, 1307, 630
630, 1306, 1305, 1307
1306, 630, 1308, 1307
1307, 631, 1309, 1308
1307, 631, 630, 1308
1308, 632, 1310, 633
1309, 633, 1311, 1310
1308, 1310, 1309, 633
1310, 632, 1312, 1313
1311, 633, 1313, 1310
1310, 632, 633, 1313
1312, 634, 1314, 1313
1313, 635, 1315, 1314
1313, 635, 634, 1314
1314, 634, 1316, 1317
1315, 635, 1317, 1314
1314, 634, 635, 1317
1316, 636, 1318, 1317
1317, 637, 1319, 1318
1317, 637, 636, 1318
1318, 636, 1320, 1321
1319, 637, 1321, 1318
1318, 636, 637, 1321
1320, 638, 1322, 1321
1321, 639, 1323, 638
638, 1322, 1321, 1323
1322, 638, 1324, 1323
1323, 639, 1325, 1324
1323, 639, 638, 1324
1324, 640, 1326, 641
1325, 641, 1327, 1326
1324, 1326, 1325, 641
1326, 640, 1328, 1329
1327, 641, 1329, 1326
1326, 640, 641, 1329
1328, 642, 1330, 1329
1329, 643, 1331, 642
642, 1330, 1329, 1331
1330, 642, 1332, 1331
1331, 643, 1333, 1332
1331, 643, 642, 1332
1332, 644, 1334, 645
1333, 645, 1335, 1334
1332, 1334, 1333, 645
1334, 644, 1336, 1337
1335, 645, 1337, 1334
1334, 644, 645, 1337
1336, 646, 1338, 1337
1337, 647, 1339, 646
646, 1338, 1337, 1339
1338, 646, 1340, 1339
1339, 647, 1341, 1340
1339, 647, 646, 1340
1340, 648, 1342, 649
1341, 649, 1343, 1342
1340, 1342, 1341, 649
1342, 648, 1344, 1345
1343, 649, 1345, 1342
1342, 648, 649, 1345
1344, 650, 1346, 1345
1345, 651, 1347, 1346
1345, 651, 650, 1346
1346, 650, 1348, 1349
1347, 651, 1349, 1346
1346, 650, 651, 1349
1348, 652, 1350, 1349
1349, 653, 1351, 1350
1349, 653, 652, 1350
1350, 652, 1352, 1353
1351, 653, 1353, 1350
1350, 652, 653, 1353
1352, 654, 1354, 1353
1353, 655, 1355, 654
654, 1354, 1353, 1355
1354, 654, 1356, 1355
1355, 655, 1357, 1356
1355, 655, 654, 1356
1356, 656, 1358, 657
1357, 657, 1359, 1358
1356, 1358, 1357, 657
1358, 656, 1360, 1361
1359, 657, 1361, 1358
1358, 656, 657, 1361
1360, 658, 1362, 1361
1361, 659, 1363, 658
658, 1362, 1361, 1363
1362, 658, 1364, 1363
1363, 659, 1365, 1364
1363, 659, 658, 1364
1364, 660, 1366, 661
1365, 661, 1367, 1366
1364, 1366, 1365, 661
1366, 660, 1368, 1369
1367, 661, 1369, 1366
1366, 660, 661, 1369
1368, 662, 1370, 1369
1369, 663, 1371, 662
662, 1370, 1369, 1371
1370, 662, 1372, 1371
1371, 663, 1373, 1372
1371, 663, 662, 1372
1372, 664, 1374, 665
1373, 665, 1375, 1374
1372, 1374, 1373, 665
1374, 664, 1376, 1377
1375, 665, 1377, 1374
1374, 664, 665, 1377
1376, 666, 1378, 1377
1377, 667, 1379, 1378
1377, 667, 666, 1378
1378, 666, 1380, 1381
1379, 667, 1381, 1378
1378, 666, 667, 1381
1380, 668, 1382, 1381
1381, 669, 1383, 1382
1381, 669, 668, 1382
1382, 668, 1384, 1385
1383, 669, 1385, 1382
1382, 668, 669, 1385
1384, 670, 1386, 1385
1385, 671, 1387, 670
670, 1386, 1385, 1387
1386, 670, 1388, 1387
1387, 671, 1389, 1388
1387, 671, 670, 1388
1388, 672, 1390, 673
1389, 673, 1391, 1390
1388, 1390, 1389, 673
1390, 672, 1392, 1393
1391, 673, 1393, 1390
1390, 672, 673, 1393
1392, 674, 1394, 1393
1393, 675, 1395, 674
674, 1394, 1393, 1395
1394, 674, 1396, 1395
1395, 675, 1397, 1396
1395, 675, 674, 1396
1396, 676, 1398, 677
1397, 677, 1399, 1398
1396, 1398, 1397, 677
1398, 676, 1400, 1401
1399, 677, 1401, 1398
1398, 676, 677, 1401
1400, 678, 1402, 1401
1401, 679, 1403, 678
678, 1402, 1401, 1403
1402, 678, 1404, 1403
1403, 679, 1405, 1404
1403, 679, 678, 1404
1404, 680, 1406, 681
1405, 681, 1407, 1406
1404, 1406, 1405, 681
1406, 680, 1408, 1409
1407, 681, 1409, 1406
1406, 680, 681, 1409
1408, 682, 1410, 1409
1409, 683, 1411, 1410
1409, 683, 682, 1410
1410, 682, 1412, 1413
1411, 683, 1413, 1410
1410, 682, 683, 1413
1412, 684, 1414, 1413
1413, 685, 1415, 1414
1413, 685, 684, 1414
1414, 684, 1416, 1417
1415, 685, 1417, 1414
1414, 684, 685, 1417
1416, 686, 1418, 1417
1417, 687, 1419, 686
686, 1418, 1417, 1419
1418, 686, 1420, 1419
1419, 687, 1421, 1420
1419, 687, 686, 1420
1420, 688, 1422, 689
1421, 689, 1423, 1422
1420, 1422, 1421, 689
1422, 688, 1424, 1425
1423, 689, 1425, 1422
1422, 688, 689, 1425
1424, 690, 1426, 1425
1425, 691, 1427, 690
690, 1426, 1425, 1427
1426, 690, 1428, 1427
1427, 691, 1429, 1428
1427, 691, 690, 1428
1428, 692, 1430, 693
1429, 693, 1431, 1430
1428, 1430, 1429, 693
1430, 692, 1432, 1433
1431, 693, 1433, 1430
1430, 692, 693, 1433
1432, 694, 1434, 1433
1433, 695, 1435, 694
694, 1434, 1433, 1435
1434, 694, 1436, 1435
1435, 695, 1437, 1436
1435, 695, 694, 1436
1436, 696, 1438, 697
1437, 697, 1439, 1438
1436, 1438, 1437, 697
1438, 696, 1440, 1441
1439, 697, 1441, 1438
1438, 696, 697, 1441
1440, 698, 1442, 1441
1441, 699, 1443, 1442
1441, 699, 698, 1442
1442, 698, 1444, 1445
1443, 699, 1445, 1442
1442, 698, 699, 1445
1444, 700, 1446, 1445
1445, 701, 1447, 1446
1445, 701, 700, 1446
1446, 700, 1448, 1449
1447, 701, 1449, 1446
1446, 700, 701, 1449
1448, 702, 1450, 1449
1449, 703, 1451, 702
702, 1450, 1449, 1451
1450, 702, 1452, 1451
1451, 703, 1453, 1452
1451, 703, 702, 1452
1452, 704, 1454, 705
1453, 705, 1455, 1454
1452, 1454, 1453, 705
1454, 704, 1456, 1457
1455, 705, 1457, 1454
1454, 704, 705, 1457
1456, 706, 1458, 1457
1457, 707, 1459, 706
706, 1458, 1457, 1459
1458, 706, 1460, 1459
1459, 707, 1461, 1460
1459, 707, 706, 1460
1460, 708, 1462, 709
1461, 709, 1463, 1462
1460, 1462, 1461, 709
1462, 708, 1464, 1465
1463, 709, 1465, 1462
1462, 708, 709, 1465
1464, 710, 1466, 1465
1465, 711, 1467, 710
710, 1466, 1465, 1467
1466, 710, 1468, 1467
1467, 711, 1469, 1468
1467, 711, 710, 1468
1468, 712, 1470, 713
1469, 713, 1471, 1470
1468, 1470, 1469, 713
1470, 712, 1472, 1473
1471, 713, 1473, 1470
1470, 712, 713, 1473
1472, 714, 1474, 1473
1473, 715, 1475, 1474
1473, 715, 714, 1474
1474, 714, 1476, 1477
1475, 715, 1477, 1474
1474, 714, 715, 1477
1476, 716, 1478, 1477
1477, 717, 1479, 1478
1477, 717, 716, 1478
1478, 716, 1480, 1481
1479, 717, 1481, 1478
1478, 716, 717, 1481
1480, 718, 1482, 1481
1481, 719, 1483, 718
718, 1482, 1481, 1483
1482, 718, 1484, 1483
1483, 719, 1485, 1484
1483, 719, 718, 1484
1484, 336, 1486, 337
1485, 337, 1487, 1486
1484, 1486, 1485, 337
1486, 336, 720, 721
1487, 337, 721, 1486
1486, 336, 337, 721
