48, 16, 19, 49
49, 40, 43, 19
49, 40, 16, 19
52, 19, 20, 53
53, 43, 44, 20
53, 43, 19, 20
56, 20, 21, 57
57, 44, 45, 21
57, 44, 20, 21
60, 21, 23, 61
61, 45, 47, 23
61, 45, 21, 23
64, 23, 22, 65
65, 47, 46, 22
65, 47, 23, 22
68, 22, 18, 69
69, 46, 42, 18
69, 46, 22, 18
72, 18, 17, 73
73, 42, 41, 17
73, 42, 18, 17
76, 17, 14, 77
77, 41, 38, 14
77, 41, 17, 14
80, 14, 12, 81
81, 38, 36, 12
81, 38, 14, 12
84, 12, 10, 85
85, 36, 34, 10
85, 36, 12, 10
88, 10, 8, 89
89, 34, 32, 8
89, 34, 10, 8
92, 8, 6, 93
93, 32, 30, 6
93, 32, 8, 6
96, 6, 4, 97
97, 30, 28, 4
97, 30, 6, 4
100, 4, 2, 101
101, 28, 26, 2
101, 28, 4, 2
104, 2, 1, 105
105, 26, 25, 1
105, 26, 2, 1
108, 1, 0, 109
109, 25, 24, 0
109, 25, 1, 0
112, 0, 3, 113
113, 24, 27, 3
113, 24, 0, 3
116, 3, 5, 117
117, 27, 29, 5
117, 27, 3, 5
120, 5, 7, 121
121, 29, 31, 7
121, 29, 5, 7
124, 7, 9, 125
125, 31, 33, 9
125, 31, 7, 9
128, 9, 11, 129
129, 33, 35, 11
129, 33, 9, 11
132, 11, 13, 133
133, 35, 37, 13
133, 35, 11, 13
136, 13, 15, 137
137, 37, 39, 15
137, 37, 13, 15
140, 15, 16, 141
141, 39, 40, 16
141, 39, 15, 16
48, 19, 50, 49
49, 43, 51, 50
49, 43, 19, 50
50, 19, 52, 53
51, 43, 53, 50
50, 19, 43, 53
52, 20, 54, 53
53, 44, 55, 54
53, 44, 20, 54
54, 20, 56, 57
55, 44, 57, 54
54, 20, 44, 57
56, 21, 58, 57
57, 45, 59, 58
57, 45, 21, 58
58, 21, 60, 61
59, 45, 61, 58
58, 21, 45, 61
60, 23, 62, 61
61, 47, 63, 62
61, 47, 23, 62
62, 23, 64, 65
63, 47, 65, 62
62, 23, 47, 65
64, 22, 66, 65
65, 46, 67, 66
65, 46, 22, 66
66, 22, 68, 69
67, 46, 69, 66
66, 22, 46, 69
68, 18, 70, 69
69, 42, 71, 70
69, 42, 18, 70
70, 18, 72, 73
71, 42, 73, 70
70, 18, 42, 73
72, 17, 74, 73
73, 41, 75, 74
73, 41, 17, 74
74, 17, 76, 77
75, 41, 77, 74
74, 17, 41, 77
76, 14, 78, 77
77, 38, 79, 78
77, 38, 14, 78
78, 14, 80, 81
79, 38, 81, 78
78, 14, 38, 81
80, 12, 82, 81
81, 36, 83, 82
81, 36, 12, 82
82, 12, 84, 85
83, 36, 85, 82
82, 12, 36, 85
84, 10, 86, 85
85, 34, 87, 86
85, 34, 10, 86
86, 10, 88, 89
87, 34, 89, 86
86, 10, 34, 89
88, 8, 90, 89
89, 32, 91, 90
89, 32, 8, 90
90, 8, 92, 93
91, 32, 93, 90
90, 8, 32, 93
92, 6, 94, 93
93, 30, 95, 94
93, 30, 6, 94
94, 6, 96, 97
95, 30, 97, 94
94, 6, 30, 97
96, 4, 98, 97
97, 28, 99, 98
97, 28, 4, 98
98, 4, 100, 101
99, 28, 101, 98
98, 4, 28, 101
100, 2, 102, 101
101, 26, 103, 102
101, 26, 2, 102
102, 2, 104, 105
103, 26, 105, 102
102, 2, 26, 105
104, 1, 106, 105
105, 25, 107, 106
105, 25, 1, 106
106, 1, 108, 109
107, 25, 109, 106
106, 1, 25, 109
108, 0, 110, 109
109, 24, 111, 110
109, 24, 0, 110
110, 0, 112, 113
111, 24, 113, 110
110, 0, 24, 113
112, 3, 114, 113
113, 27, 115, 114
113, 27, 3, 114
114, 3, 116, 117
115, 27, 117, 114
114, 3, 27, 117
116, 5, 118, 117
117, 29, 119, 118
117, 29, 5, 118
118, 5, 120, 121
119, 29, 121, 118
118, 5, 29, 121
120, 7, 122, 121
121, 31, 123, 122
121, 31, 7, 122
122, 7, 124, 125
123, 31, 125, 122
122, 7, 31, 125
124, 9, 126, 125
125, 33, 127, 126
125, 33, 9, 126
126, 9, 128, 129
127, 33, 129, 126
126, 9, 33, 129
128, 11, 130, 129
129, 35, 131, 130
129, 35, 11, 130
130, 11, 132, 133
131, 35, 133, 130
130, 11, 35, 133
132, 13, 134, 133
133, 37, 135, 134
133, 37, 13, 134
134, 13, 136, 137
135, 37, 137, 134
134, 13, 37, 137
136, 15, 138, 137
137, 39, 139, 138
137, 39, 15, 138
138, 15, 140, 141
139, 39, 141, 138
138, 15, 39, 141
140, 16, 142, 141
141, 40, 143, 142
141, 40, 16, 142
142, 16, 48, 49
143, 40, 49, 142
142, 16, 40, 49
144, 48, 50, 145
145, 49, 51, 50
145, 49, 48, 50
50, 52, 148, 53
51, 53, 149, 148
50, 148, 51, 53
152, 52, 54, 153
153, 53, 55, 54
153, 53, 52, 54
54, 56, 156, 57
55, 57, 157, 156
54, 156, 55, 57
160, 56, 58, 161
161, 57, 59, 58
161, 57, 56, 58
58, 60, 164, 61
59, 61, 165, 164
58, 164, 59, 61
168, 60, 62, 169
169, 61, 63, 62
169, 61, 60, 62
62, 64, 172, 65
63, 65, 173, 172
62, 172, 63, 65
176, 64, 66, 177
177, 65, 67, 66
177, 65, 64, 66
66, 68, 180, 69
67, 69, 181, 180
66, 180, 67, 69
184, 68, 70, 185
185, 69, 71, 70
185, 69, 68, 70
70, 72, 188, 73
71, 73, 189, 188
70, 188, 71, 73
192, 72, 74, 193
193, 73, 75, 74
193, 73, 72, 74
74, 76, 196, 77
75, 77, 197, 196
74, 196, 75, 77
200, 76, 78, 201
201, 77, 79, 78
201, 77, 76, 78
78, 80, 204, 81
79, 81, 205, 204
78, 204, 79, 81
208, 80, 82, 209
209, 81, 83, 82
209, 81, 80, 82
82, 84, 212, 85
83, 85, 213, 212
82, 212, 83, 85
216, 84, 86, 217
217, 85, 87, 86
217, 85, 84, 86
86, 88, 220, 89
87, 89, 221, 220
86, 220, 87, 89
224, 88, 90, 225
225, 89, 91, 90
225, 89, 88, 90
90, 92, 228, 93
91, 93, 229, 228
90, 228, 91, 93
232, 92, 94, 233
233, 93, 95, 94
233, 93, 92, 94
94, 96, 236, 97
95, 97, 237, 236
94, 236, 95, 97
240, 96, 98, 241
241, 97, 99, 98
241, 97, 96, 98
98, 100, 244, 101
99, 101, 245, 244
98, 244, 99, 101
248, 100, 102, 249
249, 101, 103, 102
249, 101, 100, 102
102, 104, 252, 105
103, 105, 253, 252
102, 252, 103, 105
256, 104, 106, 257
257, 105, 107, 106
257, 105, 104, 106
106, 108, 260, 109
107, 109, 261, 260
106, 260, 107, 109
264, 108, 110, 265
265, 109, 111, 110
265, 109, 108, 110
110, 112, 268, 113
111, 113, 269, 268
110, 268, 111, 113
272, 112, 114, 273
273, 113, 115, 114
273, 113, 112, 114
114, 116, 276, 117
115, 117, 277, 276
114, 276, 115, 117
280, 116, 118, 281
281, 117, 119, 118
281, 117, 116, 118
118, 120, 284, 121
119, 121, 285, 284
118, 284, 119, 121
288, 120, 122, 289
289, 121, 123, 122
289, 121, 120, 122
122, 124, 292, 125
123, 125, 293, 292
122, 292, 123, 125
296, 124, 126, 297
297, 125, 127, 126
297, 125, 124, 126
126, 128, 300, 129
127, 129, 301, 300
126, 300, 127, 129
304, 128, 130, 305
305, 129, 131, 130
305, 129, 128, 130
130, 132, 308, 133
131, 133, 309, 308
130, 308, 131, 133
312, 132, 134, 313
313, 133, 135, 134
313, 133, 132, 134
134, 136, 316, 137
135, 137, 317, 316
134, 316, 135, 137
320, 136, 138, 321
321, 137, 139, 138
321, 137, 136, 138
138, 140, 324, 141
139, 141, 325, 324
138, 324, 139, 141
328, 140, 142, 329
329, 141, 143, 142
329, 141, 140, 142
142, 48, 332, 49
143, 49, 333, 332
142, 332, 143, 49
144, 50, 146, 145
145, 51, 147, 50
50, 146, 145, 147
146, 50, 148, 147
147, 51, 149, 148
147, 51, 50, 148
148, 52, 150, 53
149, 53, 151, 150
148, 150, 149, 53
150, 52, 152, 153
151, 53, 153, 150
150, 52, 53, 153
152, 54, 154, 153
153, 55, 155, 54
54, 154, 153, 155
154, 54, 156, 155
155, 55, 157, 156
155, 55, 54, 156
156, 56, 158, 57
157, 57, 159, 158
156, 158, 157, 57
158, 56, 160, 161
159, 57, 161, 158
158, 56, 57, 161
160, 58, 162, 161
161, 59, 163, 58
58, 162, 161, 163
162, 58, 164, 163
163, 59, 165, 164
163, 59, 58, 164
164, 60, 166, 61
165, 61, 167, 166
164, 166, 165, 61
166, 60, 168, 169
167, 61, 169, 166
166, 60, 61, 169
168, 62, 170, 169
169, 63, 171, 62
62, 170, 169, 171
170, 62, 172, 171
171, 63, 173, 172
171, 63, 62, 172
172, 64, 174, 65
173, 65, 175, 174
172, 174, 173, 65
174, 64, 176, 177
175, 65, 177, 174
174, 64, 65, 177
176, 66, 178, 177
177, 67, 179, 66
66, 178, 177, 179
178, 66, 180, 179
179, 67, 181, 180
179, 67, 66, 180
180, 68, 182, 69
181, 69, 183, 182
180, 182, 181, 69
182, 68, 184, 185
183, 69, 185, 182
182, 68, 69, 185
184, 70, 186, 185
185, 71, 187, 70
70, 186, 185, 187
186, 70, 188, 187
187, 71, 189, 188
187, 71, 70, 188
188, 72, 190, 73
189, 73, 191, 190
188, 190, 189, 73
190, 72, 192, 193
191, 73, 193, 190
190, 72, 73, 193
192, 74, 194, 193
193, 75, 195, 74
74, 194, 193, 195
194, 74, 196, 195
195, 75, 197, 196
195, 75, 74, 196
196, 76, 198, 77
197, 77, 199, 198
196, 198, 197, 77
198, 76, 200, 201
199, 77, 201, 198
198, 76, 77, 201
200, 78, 202, 201
201, 79, 203, 78
78, 202, 201, 203
202, 78, 204, 203
203, 79, 205, 204
203, 79, 78, 204
204, 80, 206, 81
205, 81, 207, 206
204, 206, 205, 81
206, 80, 208, 209
207, 81, 209, 206
206, 80, 81, 209
208, 82, 210, 209
209, 83, 211, 82
82, 210, 209, 211
210, 82, 212, 211
211, 83, 213, 212
211, 83, 82, 212
212, 84, 214, 85
213, 85, 215, 214
212, 214, 213, 85
214, 84, 216, 217
215, 85, 217, 214
214, 84, 85, 217
216, 86, 218, 217
217, 87, 219, 86
86, 218, 217, 219
218, 86, 220, 219
219, 87, 221, 220
219, 87, 86, 220
220, 88, 222, 89
221, 89, 223, 222
220, 222, 221, 89
222, 88, 224, 225
223, 89, 225, 222
222, 88, 89, 225
224, 90, 226, 225
225, 91, 227, 90
90, 226, 225, 227
226, 90, 228, 227
227, 91, 229, 228
227, 91, 90, 228
228, 92, 230, 93
229, 93, 231, 230
228, 230, 229, 93
230, 92, 232, 233
231, 93, 233, 230
230, 92, 93, 233
232, 94, 234, 233
233, 95, 235, 94
94, 234, 233, 235
234, 94, 236, 235
235, 95, 237, 236
235, 95, 94, 236
236, 96, 238, 97
237, 97, 239, 238
236, 238, 237, 97
238, 96, 240, 241
239, 97, 241, 238
238, 96, 97, 241
240, 98, 242, 241
241, 99, 243, 98
98, 242, 241, 243
242, 98, 244, 243
243, 99, 245, 244
243, 99, 98, 244
244, 100, 246, 101
245, 101, 247, 246
244, 246, 245, 101
246, 100, 248, 249
247, 101, 249, 246
246, 100, 101, 249
248, 102, 250, 249
249, 103, 251, 102
102, 250, 249, 251
250, 102, 252, 251
251, 103, 253, 252
251, 103, 102, 252
252, 104, 254, 105
253, 105, 255, 254
252, 254, 253, 105
254, 104, 256, 257
255, 105, 257, 254
254, 104, 105, 257
256, 106, 258, 257
257, 107, 259, 106
106, 258, 257, 259
258, 106, 260, 259
259, 107, 261, 260
259, 107, 106, 260
260, 108, 262, 109
261, 109, 263, 262
260, 262, 261, 109
262, 108, 264, 265
263, 109, 265, 262
262, 108, 109, 265
264, 110, 266, 265
265, 111, 267, 110
110, 266, 265, 267
266, 110, 268, 267
267, 111, 269, 268
267, 111, 110, 268
268, 112, 270, 113
269, 113, 271, 270
268, 270, 269, 113
270, 112, 272, 273
271, 113, 273, 270
270, 112, 113, 273
272, 114, 274, 273
273, 115, 275, 114
114, 274, 273, 275
274, 114, 276, 275
275, 115, 277, 276
275, 115, 114, 276
276, 116, 278, 117
277, 117, 279, 278
276, 278, 277, 117
278, 116, 280, 281
279, 117, 281, 278
278, 116, 117, 281
280, 118, 282, 281
281, 119, 283, 118
118, 282, 281, 283
282, 118, 284, 283
283, 119, 285, 284
283, 119, 118, 284
284, 120, 286, 121
285, 121, 287, 286
284, 286, 285, 121
286, 120, 288, 289
287, 121, 289, 286
286, 120, 121, 289
288, 122, 290, 289
289, 123, 291, 122
122, 290, 289, 291
290, 122, 292, 291
291, 123, 293, 292
291, 123, 122, 292
292, 124, 294, 125
293, 125, 295, 294
292, 294, 293, 125
294, 124, 296, 297
295, 125, 297, 294
294, 124, 125, 297
296, 126, 298, 297
297, 127, 299, 126
126, 298, 297, 299
298, 126, 300, 299
299, 127, 301, 300
299, 127, 126, 300
300, 128, 302, 129
301, 129, 303, 302
300, 302, 301, 129
302, 128, 304, 305
303, 129, 305, 302
302, 128, 129, 305
304, 130, 306, 305
305, 131, 307, 130
130, 306, 305, 307
306, 130, 308, 307
307, 131, 309, 308
307, 131, 130, 308
308, 132, 310, 133
309, 133, 311, 310
308, 310, 309, 133
310, 132, 312, 313
311, 133, 313, 310
310, 132, 133, 313
312, 134, 314, 313
313, 135, 315, 134
134, 314, 313, 315
314, 134, 316, 315
315, 135, 317, 316
315, 135, 134, 316
316, 136, 318, 137
317, 137, 319, 318
316, 318, 317, 137
318, 136, 320, 321
319, 137, 321, 318
318, 136, 137, 321
320, 138, 322, 321
321, 139, 323, 138
138, 322, 321, 323
322, 138, 324, 323
323, 139, 325, 324
323, 139, 138, 324
324, 140, 326, 141
325, 141, 327, 326
324, 326, 325, 141
326, 140, 328, 329
327, 141, 329, 326
326, 140, 141, 329
328, 142, 330, 329
329, 143, 331, 142
142, 330, 329, 331
330, 142, 332, 331
331, 143, 333, 332
331, 143, 142, 332
332, 48, 334, 49
333, 49, 335, 334
332, 334, 333, 49
334, 48, 144, 145
335, 49, 145, 334
334, 48, 49, 145
