0.542471,0.840074,0.300000
0.707107,0.707107,0.300000
0.840074,0.542471,0.300000
0.440525,0.897740,0.300000
0.897740,0.440525,0.300000
0.267991,0.963421,0.300000
0.963421,0.267991,0.300000
-0.120497,0.992714,0.300000
0.992714,-0.120497,0.300000
-0.420293,0.907388,0.300000
0.907388,-0.420293,0.300000
-0.707107,0.707107,0.300000
0.707107,-0.707107,0.300000
-0.907388,0.420293,0.300000
0.420293,-0.907388,0.300000
-0.992714,0.120497,0.300000
-0.940233,-0.340532,0.300000
0.120497,-0.992714,0.300000
-0.340532,-0.940233,0.300000
-0.857620,-0.514284,0.300000
-0.758801,-0.651323,0.300000
-0.707107,-0.707107,0.300000
-0.514284,-0.857620,0.300000
-0.651323,-0.758801,0.300000
0.542471,0.840074,0.000000
0.707107,0.707107,0.000000
0.840074,0.542471,0.000000
0.440525,0.897740,0.000000
0.897740,0.440525,0.000000
0.267991,0.963421,0.000000
0.963421,0.267991,0.000000
-0.120497,0.992714,0.000000
0.992714,-0.120497,0.000000
-0.420293,0.907388,0.000000
0.907388,-0.420293,0.000000
-0.707107,0.707107,0.000000
0.707107,-0.707107,0.000000
-0.907388,0.420293,0.000000
0.420293,-0.907388,0.000000
-0.992714,0.120497,0.000000
-0.940233,-0.340532,0.000000
0.120497,-0.992714,0.000000
-0.340532,-0.940233,0.000000
-0.857620,-0.514284,0.000000
-0.758801,-0.651323,0.000000
-0.707107,-0.707107,0.000000
-0.514284,-0.857620,0.000000
-0.651323,-0.758801,0.000000
-0.981712,-0.466770,0.275000
-0.981712,-0.466770,0.025000
-0.936235,-0.561427,0.275000
-0.936235,-0.561427,0.025000
-0.882562,-0.636419,0.275000
-0.882562,-0.636419,0.025000
-0.828358,-0.711028,0.275000
-0.828358,-0.711028,0.025000
-0.800190,-0.741522,0.275000
-0.800190,-0.741522,0.025000
-0.771925,-0.771925,0.275000
-0.771925,-0.771925,0.025000
-0.741522,-0.800190,0.275000
-0.741522,-0.800190,0.025000
-0.711028,-0.828358,0.275000
-0.711028,-0.828358,0.025000
-0.636419,-0.882562,0.275000
-0.636419,-0.882562,0.025000
-0.561427,-0.936235,0.275000
-0.561427,-0.936235,0.025000
-0.466770,-0.981712,0.275000
-0.466770,-0.981712,0.025000
-0.371747,-1.026421,0.275000
-0.371747,-1.026421,0.025000
-0.120385,-1.057552,0.275000
-0.120385,-1.057552,0.025000
0.131542,-1.083713,0.275000
0.131542,-1.083713,0.025000
0.295488,-1.038217,0.275000
0.295488,-1.038217,0.025000
0.458820,-0.990566,0.275000
0.458820,-0.990566,0.025000
0.616182,-0.882404,0.275000
0.616182,-0.882404,0.025000
0.771925,-0.771925,0.275000
0.771925,-0.771925,0.025000
0.882404,-0.616182,0.275000
0.882404,-0.616182,0.025000
0.990566,-0.458820,0.275000
0.990566,-0.458820,0.025000
1.038217,-0.295488,0.275000
1.038217,-0.295488,0.025000
1.083713,-0.131542,0.275000
1.083713,-0.131542,0.025000
1.069475,0.080639,0.275000
1.069475,0.080639,0.025000
1.051735,0.292557,0.275000
1.051735,0.292557,0.025000
1.016250,0.386871,0.275000
1.016250,0.386871,0.025000
0.980033,0.480907,0.275000
0.980033,0.480907,0.025000
0.948694,0.536630,0.275000
0.948694,0.536630,0.025000
0.917081,0.592198,0.275000
0.917081,0.592198,0.025000
0.844904,0.682385,0.275000
0.844904,0.682385,0.025000
0.771925,0.771925,0.275000
0.771925,0.771925,0.025000
0.682385,0.844904,0.275000
0.682385,0.844904,0.025000
0.592198,0.917081,0.275000
0.592198,0.917081,0.025000
0.536630,0.948694,0.275000
0.536630,0.948694,0.025000
0.480907,0.980033,0.275000
0.480907,0.980033,0.025000
0.386871,1.016250,0.275000
0.386871,1.016250,0.025000
0.292557,1.051735,0.275000
0.292557,1.051735,0.025000
0.080639,1.069475,0.275000
0.080639,1.069475,0.025000
-0.131542,1.083713,0.275000
-0.131542,1.083713,0.025000
-0.295488,1.038217,0.275000
-0.295488,1.038217,0.025000
-0.458820,0.990566,0.275000
-0.458820,0.990566,0.025000
-0.616182,0.882404,0.275000
-0.616182,0.882404,0.025000
-0.771925,0.771925,0.275000
-0.771925,0.771925,0.025000
-0.882404,0.616182,0.275000
-0.882404,0.616182,0.025000
-0.990566,0.458820,0.275000
-0.990566,0.458820,0.025000
-1.038217,0.295488,0.275000
-1.038217,0.295488,0.025000
-1.083713,0.131542,0.275000
-1.083713,0.131542,0.025000
-1.057552,-0.120385,0.275000
-1.057552,-0.120385,0.025000
-1.026421,-0.371747,0.275000
-1.026421,-0.371747,0.025000
-1.026576,-0.546577,0.250000
-1.026576,-0.546577,0.050000
-1.000557,-0.599998,0.250000
-1.000557,-0.599998,0.050000
-0.970387,-0.642574,0.250000
-0.970387,-0.642574,0.050000
-0.943395,-0.680286,0.250000
-0.943395,-0.680286,0.050000
-0.916137,-0.717806,0.250000
-0.916137,-0.717806,0.050000
-0.885268,-0.759877,0.250000
-0.885268,-0.759877,0.050000
-0.869366,-0.777165,0.250000
-0.869366,-0.777165,0.050000
-0.855201,-0.792500,0.250000
-0.855201,-0.792500,0.050000
-0.840987,-0.807789,0.250000
-0.840987,-0.807789,0.050000
-0.824958,-0.824958,0.250000
-0.824958,-0.824958,0.050000
-0.807789,-0.840987,0.250000
-0.807789,-0.840987,0.050000
-0.792500,-0.855201,0.250000
-0.792500,-0.855201,0.050000
-0.777165,-0.869366,0.250000
-0.777165,-0.869366,0.050000
-0.759877,-0.885268,0.250000
-0.759877,-0.885268,0.050000
-0.717806,-0.916137,0.250000
-0.717806,-0.916137,0.050000
-0.680286,-0.943395,0.250000
-0.680286,-0.943395,0.050000
-0.642574,-0.970387,0.250000
-0.642574,-0.970387,0.050000
-0.599998,-1.000557,0.250000
-0.599998,-1.000557,0.050000
-0.546577,-1.026576,0.250000
-0.546577,-1.026576,0.050000
-0.498975,-1.049446,0.250000
-0.498975,-1.049446,0.050000
-0.451189,-1.071930,0.250000
-0.451189,-1.071930,0.050000
-0.397287,-1.096939,0.250000
-0.397287,-1.096939,0.050000
-0.255284,-1.116418,0.250000
-0.255284,-1.116418,0.050000
-0.128868,-1.132071,0.250000
-0.128868,-1.132071,0.050000
-0.002168,-1.145231,0.250000
-0.002168,-1.145231,0.050000
0.140580,-1.158166,0.250000
0.140580,-1.158166,0.050000
0.233570,-1.133234,0.250000
0.233570,-1.133234,0.050000
0.316018,-1.110352,0.250000
0.316018,-1.110352,0.050000
0.398159,-1.086390,0.250000
0.398159,-1.086390,0.050000
0.490342,-1.058620,0.250000
0.490342,-1.058620,0.050000
0.579984,-0.998293,0.250000
0.579984,-0.998293,0.050000
0.659121,-0.943896,0.250000
0.659121,-0.943896,0.050000
0.737447,-0.888337,0.250000
0.737447,-0.888337,0.050000
0.824958,-0.824958,0.250000
0.824958,-0.824958,0.050000
0.888337,-0.737447,0.250000
0.888337,-0.737447,0.050000
0.943896,-0.659121,0.250000
0.943896,-0.659121,0.050000
0.998293,-0.579984,0.250000
0.998293,-0.579984,0.050000
1.058620,-0.490342,0.250000
1.058620,-0.490342,0.050000
1.086390,-0.398159,0.250000
1.086390,-0.398159,0.050000
1.110352,-0.316018,0.250000
1.110352,-0.316018,0.050000
1.133234,-0.233570,0.250000
1.133234,-0.233570,0.050000
1.158166,-0.140580,0.250000
1.158166,-0.140580,0.050000
1.151426,-0.020430,0.250000
1.151426,-0.020430,0.050000
1.144263,0.086278,0.250000
1.144263,0.086278,0.050000
1.135344,0.192854,0.250000
1.135344,0.192854,0.050000
1.123992,0.312656,0.250000
1.123992,0.312656,0.050000
1.104189,0.366125,0.250000
1.104189,0.366125,0.050000
1.086343,0.413554,0.250000
1.086343,0.413554,0.050000
1.068130,0.460844,0.250000
1.068130,0.460844,0.050000
1.047364,0.513947,0.250000
1.047364,0.513947,0.050000
1.029734,0.545534,0.250000
1.029734,0.545534,0.050000
1.013974,0.573556,0.250000
1.013974,0.573556,0.050000
0.998077,0.601500,0.250000
0.998077,0.601500,0.050000
0.980087,0.632884,0.250000
0.980087,0.632884,0.050000
0.939549,0.684155,0.250000
0.939549,0.684155,0.050000
0.903250,0.729509,0.250000
0.903250,0.729509,0.050000
0.866551,0.774538,0.250000
0.866551,0.774538,0.050000
0.824958,0.824958,0.250000
0.824958,0.824958,0.050000
0.774538,0.866551,0.250000
0.774538,0.866551,0.050000
0.729509,0.903250,0.250000
0.729509,0.903250,0.050000
0.684155,0.939549,0.250000
0.684155,0.939549,0.050000
0.632884,0.980087,0.250000
0.632884,0.980087,0.050000
0.601500,0.998077,0.250000
0.601500,0.998077,0.050000
0.573556,1.013974,0.250000
0.573556,1.013974,0.050000
0.545534,1.029734,0.250000
0.545534,1.029734,0.050000
0.513947,1.047364,0.250000
0.513947,1.047364,0.050000
0.460844,1.068130,0.250000
0.460844,1.068130,0.050000
0.413554,1.086343,0.250000
0.413554,1.086343,0.050000
0.366125,1.104189,0.250000
0.366125,1.104189,0.050000
0.312656,1.123992,0.250000
0.312656,1.123992,0.050000
0.192854,1.135344,0.250000
0.192854,1.135344,0.050000
0.086278,1.144263,0.250000
0.086278,1.144263,0.050000
-0.020430,1.151426,0.250000
-0.020430,1.151426,0.050000
-0.140580,1.158166,0.250000
-0.140580,1.158166,0.050000
-0.233570,1.133234,0.250000
-0.233570,1.133234,0.050000
-0.316018,1.110352,0.250000
-0.316018,1.110352,0.050000
-0.398159,1.086390,0.250000
-0.398159,1.086390,0.050000
-0.490342,1.058620,0.250000
-0.490342,1.058620,0.050000
-0.579984,0.998293,0.250000
-0.579984,0.998293,0.050000
-0.659121,0.943896,0.250000
-0.659121,0.943896,0.050000
-0.737447,0.888337,0.250000
-0.737447,0.888337,0.050000
-0.824958,0.824958,0.250000
-0.824958,0.824958,0.050000
-0.888337,0.737447,0.250000
-0.888337,0.737447,0.050000
-0.943896,0.659121,0.250000
-0.943896,0.659121,0.050000
-0.998293,0.579984,0.250000
-0.998293,0.579984,0.050000
-1.058620,0.490342,0.250000
-1.058620,0.490342,0.050000
-1.086390,0.398159,0.250000
-1.086390,0.398159,0.050000
-1.110352,0.316018,0.250000
-1.110352,0.316018,0.050000
-1.133234,0.233570,0.250000
-1.133234,0.233570,0.050000
-1.158166,0.140580,0.250000
-1.158166,0.140580,0.050000
-1.145231,-0.002168,0.250000
-1.145231,-0.002168,0.050000
-1.132071,-0.128868,0.250000
-1.132071,-0.128868,0.050000
-1.116418,-0.255284,0.250000
-1.116418,-0.255284,0.050000
-1.096939,-0.397287,0.250000
-1.096939,-0.397287,0.050000
-1.071930,-0.451189,0.250000
-1.071930,-0.451189,0.050000
-1.049446,-0.498975,0.250000
-1.049446,-0.498975,0.050000
-1.066010,-0.598831,0.225000
-1.066010,-0.598831,0.075000
-1.050584,-0.629998,0.225000
-1.050584,-0.629998,0.075000
-1.033067,-0.655012,0.225000
-1.033067,-0.655012,0.075000
-1.019024,-0.674780,0.225000
-1.019024,-0.674780,0.075000
-1.004327,-0.695381,0.225000
-1.004327,-0.695381,0.075000
-0.990710,-0.714405,0.225000
-0.990710,-0.714405,0.075000
-0.976959,-0.733332,0.225000
-0.976959,-0.733332,0.075000
-0.962054,-0.753783,0.225000
-0.962054,-0.753783,0.075000
-0.947733,-0.773350,0.225000
-0.947733,-0.773350,0.075000
-0.929531,-0.797871,0.225000
-0.929531,-0.797871,0.075000
-0.920250,-0.808011,0.225000
-0.920250,-0.808011,0.075000
-0.912856,-0.816042,0.225000
-0.912856,-0.816042,0.075000
-0.905133,-0.824413,0.225000
-0.905133,-0.824413,0.075000
-0.897988,-0.832149,0.225000
-0.897988,-0.832149,0.075000
-0.890818,-0.839862,0.225000
-0.890818,-0.839862,0.075000
-0.883057,-0.848198,0.225000
-0.883057,-0.848198,0.075000
-0.875611,-0.856182,0.225000
-0.875611,-0.856182,0.075000
-0.866206,-0.866206,0.225000
-0.866206,-0.866206,0.075000
-0.856182,-0.875611,0.225000
-0.856182,-0.875611,0.075000
-0.848198,-0.883057,0.225000
-0.848198,-0.883057,0.075000
-0.839862,-0.890818,0.225000
-0.839862,-0.890818,0.075000
-0.832149,-0.897988,0.225000
-0.832149,-0.897988,0.075000
-0.824413,-0.905133,0.225000
-0.824413,-0.905133,0.075000
-0.816042,-0.912856,0.225000
-0.816042,-0.912856,0.075000
-0.808011,-0.920250,0.225000
-0.808011,-0.920250,0.075000
-0.797871,-0.929531,0.225000
-0.797871,-0.929531,0.075000
-0.773350,-0.947733,0.225000
-0.773350,-0.947733,0.075000
-0.753783,-0.962054,0.225000
-0.753783,-0.962054,0.075000
-0.733332,-0.976959,0.225000
-0.733332,-0.976959,0.075000
-0.714405,-0.990710,0.225000
-0.714405,-0.990710,0.075000
-0.695381,-1.004327,0.225000
-0.695381,-1.004327,0.075000
-0.674780,-1.019024,0.225000
-0.674780,-1.019024,0.075000
-0.655012,-1.033067,0.225000
-0.655012,-1.033067,0.075000
-0.629998,-1.050584,0.225000
-0.629998,-1.050584,0.075000
-0.598831,-1.066010,0.225000
-0.598831,-1.066010,0.075000
-0.573992,-1.078066,0.225000
-0.573992,-1.078066,0.075000
-0.548036,-1.090591,0.225000
-0.548036,-1.090591,0.075000
-0.524023,-1.102127,0.225000
-0.524023,-1.102127,0.075000
-0.499917,-1.113470,0.225000
-0.499917,-1.113470,0.075000
-0.473819,-1.125695,0.225000
-0.473819,-1.125695,0.075000
-0.448789,-1.137350,0.225000
-0.448789,-1.137350,0.075000
-0.417151,-1.151785,0.225000
-0.417151,-1.151785,0.075000
-0.334213,-1.164470,0.225000
-0.334213,-1.164470,0.075000
-0.268287,-1.173283,0.225000
-0.268287,-1.173283,0.075000
-0.199244,-1.182135,0.225000
-0.199244,-1.182135,0.075000
-0.135466,-1.190030,0.225000
-0.135466,-1.190030,0.075000
-0.071545,-1.196672,0.225000
-0.071545,-1.196672,0.075000
-0.002278,-1.203564,0.225000
-0.002278,-1.203564,0.075000
0.063942,-1.209794,0.225000
0.063942,-1.209794,0.075000
0.147609,-1.216074,0.225000
0.147609,-1.216074,0.075000
0.202182,-1.202043,0.225000
0.202182,-1.202043,0.075000
0.245346,-1.190366,0.225000
0.245346,-1.190366,0.075000
0.290394,-1.178001,0.225000
0.290394,-1.178001,0.075000
0.331987,-1.166457,0.225000
0.331987,-1.166457,0.075000
0.373425,-1.154370,0.225000
0.373425,-1.154370,0.075000
0.418232,-1.141160,0.225000
0.418232,-1.141160,0.075000
0.461076,-1.128359,0.225000
0.461076,-1.128359,0.075000
0.514859,-1.111551,0.225000
0.514859,-1.111551,0.075000
0.567732,-1.076851,0.225000
0.567732,-1.076851,0.075000
0.609288,-1.048731,0.225000
0.609288,-1.048731,0.075000
0.652596,-1.019166,0.225000
0.652596,-1.019166,0.075000
0.692518,-0.991722,0.225000
0.692518,-0.991722,0.075000
0.732033,-0.963695,0.225000
0.732033,-0.963695,0.075000
0.774706,-0.933220,0.225000
0.774706,-0.933220,0.075000
0.815418,-0.903892,0.225000
0.815418,-0.903892,0.075000
0.866206,-0.866206,0.225000
0.866206,-0.866206,0.075000
0.903892,-0.815418,0.225000
0.903892,-0.815418,0.075000
0.933220,-0.774706,0.225000
0.933220,-0.774706,0.075000
0.963695,-0.732033,0.225000
0.963695,-0.732033,0.075000
0.991722,-0.692518,0.225000
0.991722,-0.692518,0.075000
1.019166,-0.652596,0.225000
1.019166,-0.652596,0.075000
1.048731,-0.609288,0.225000
1.048731,-0.609288,0.075000
1.076851,-0.567732,0.225000
1.076851,-0.567732,0.075000
1.111551,-0.514859,0.225000
1.111551,-0.514859,0.075000
1.128359,-0.461076,0.225000
1.128359,-0.461076,0.075000
1.141160,-0.418232,0.225000
1.141160,-0.418232,0.075000
1.154370,-0.373425,0.225000
1.154370,-0.373425,0.075000
1.166457,-0.331987,0.225000
1.166457,-0.331987,0.075000
1.178001,-0.290394,0.225000
1.178001,-0.290394,0.075000
1.190366,-0.245346,0.225000
1.190366,-0.245346,0.075000
1.202043,-0.202182,0.225000
1.202043,-0.202182,0.075000
1.216074,-0.147609,0.225000
1.216074,-0.147609,0.075000
1.213037,-0.077238,0.225000
1.213037,-0.077238,0.075000
1.209749,-0.021465,0.225000
1.209749,-0.021465,0.075000
1.206046,0.036831,0.225000
1.206046,0.036831,0.075000
1.202431,0.090664,0.225000
1.202431,0.090664,0.075000
1.197933,0.144431,0.225000
1.197933,0.144431,0.075000
1.192853,0.202623,0.225000
1.192853,0.202623,0.075000
1.187741,0.258258,0.225000
1.187741,0.258258,0.075000
1.180191,0.328289,0.225000
1.180191,0.328289,0.075000
1.168792,0.359650,0.225000
1.168792,0.359650,0.075000
1.159557,0.384484,0.225000
1.159557,0.384484,0.075000
1.149862,0.410382,0.225000
1.149862,0.410382,0.075000
1.140859,0.434308,0.225000
1.140859,0.434308,0.075000
1.131672,0.458164,0.225000
1.131672,0.458164,0.075000
1.121691,0.483953,0.225000
1.121691,0.483953,0.075000
1.112074,0.508641,0.225000
1.112074,0.508641,0.075000
1.099732,0.539644,0.225000
1.099732,0.539644,0.075000
1.089486,0.558169,0.225000
1.089486,0.558169,0.075000
1.081281,0.572842,0.225000
1.081281,0.572842,0.075000
1.072698,0.588140,0.225000
1.072698,0.588140,0.075000
1.064747,0.602276,0.225000
1.064747,0.602276,0.075000
1.056728,0.616372,0.225000
1.056728,0.616372,0.075000
1.048038,0.631610,0.225000
1.048038,0.631610,0.075000
1.039690,0.646202,0.225000
1.039690,0.646202,0.075000
1.029091,0.664527,0.225000
1.029091,0.664527,0.075000
1.005576,0.694698,0.225000
1.005576,0.694698,0.075000
0.986704,0.718493,0.225000
0.986704,0.718493,0.075000
0.966943,0.743281,0.225000
0.966943,0.743281,0.075000
0.948631,0.766160,0.225000
0.948631,0.766160,0.075000
0.930118,0.788876,0.225000
0.930118,0.788876,0.075000
0.910043,0.813412,0.225000
0.910043,0.813412,0.075000
0.890753,0.836868,0.225000
0.890753,0.836868,0.075000
0.866206,0.866206,0.225000
0.866206,0.866206,0.075000
0.836868,0.890753,0.225000
0.836868,0.890753,0.075000
0.813412,0.910043,0.225000
0.813412,0.910043,0.075000
0.788876,0.930118,0.225000
0.788876,0.930118,0.075000
0.766160,0.948631,0.225000
0.766160,0.948631,0.075000
0.743281,0.966943,0.225000
0.743281,0.966943,0.075000
0.718493,0.986704,0.225000
0.718493,0.986704,0.075000
0.694698,1.005576,0.225000
0.694698,1.005576,0.075000
0.664527,1.029091,0.225000
0.664527,1.029091,0.075000
0.646202,1.039690,0.225000
0.646202,1.039690,0.075000
0.631610,1.048038,0.225000
0.631610,1.048038,0.075000
0.616372,1.056728,0.225000
0.616372,1.056728,0.075000
0.602276,1.064747,0.225000
0.602276,1.064747,0.075000
0.588140,1.072698,0.225000
0.588140,1.072698,0.075000
0.572842,1.081281,0.225000
0.572842,1.081281,0.075000
0.558169,1.089486,0.225000
0.558169,1.089486,0.075000
0.539644,1.099732,0.225000
0.539644,1.099732,0.075000
0.508641,1.112074,0.225000
0.508641,1.112074,0.075000
0.483953,1.121691,0.225000
0.483953,1.121691,0.075000
0.458164,1.131672,0.225000
0.458164,1.131672,0.075000
0.434308,1.140859,0.225000
0.434308,1.140859,0.075000
0.410382,1.149862,0.225000
0.410382,1.149862,0.075000
0.384484,1.159557,0.225000
0.384484,1.159557,0.075000
0.359650,1.168792,0.225000
0.359650,1.168792,0.075000
0.328289,1.180191,0.225000
0.328289,1.180191,0.075000
0.258258,1.187741,0.225000
0.258258,1.187741,0.075000
0.202623,1.192853,0.225000
0.202623,1.192853,0.075000
0.144431,1.197933,0.225000
0.144431,1.197933,0.075000
0.090664,1.202431,0.225000
0.090664,1.202431,0.075000
0.036831,1.206046,0.225000
0.036831,1.206046,0.075000
-0.021465,1.209749,0.225000
-0.021465,1.209749,0.075000
-0.077238,1.213037,0.225000
-0.077238,1.213037,0.075000
-0.147609,1.216074,0.225000
-0.147609,1.216074,0.075000
-0.202182,1.202043,0.225000
-0.202182,1.202043,0.075000
-0.245346,1.190366,0.225000
-0.245346,1.190366,0.075000
-0.290394,1.178001,0.225000
-0.290394,1.178001,0.075000
-0.331987,1.166457,0.225000
-0.331987,1.166457,0.075000
-0.373425,1.154370,0.225000
-0.373425,1.154370,0.075000
-0.418232,1.141160,0.225000
-0.418232,1.141160,0.075000
-0.461076,1.128359,0.225000
-0.461076,1.128359,0.075000
-0.514859,1.111551,0.225000
-0.514859,1.111551,0.075000
-0.567732,1.076851,0.225000
-0.567732,1.076851,0.075000
-0.609288,1.048731,0.225000
-0.609288,1.048731,0.075000
-0.652596,1.019166,0.225000
-0.652596,1.019166,0.075000
-0.692518,0.991722,0.225000
-0.692518,0.991722,0.075000
-0.732033,0.963695,0.225000
-0.732033,0.963695,0.075000
-0.774706,0.933220,0.225000
-0.774706,0.933220,0.075000
-0.815418,0.903892,0.225000
-0.815418,0.903892,0.075000
-0.866206,0.866206,0.225000
-0.866206,0.866206,0.075000
-0.903892,0.815418,0.225000
-0.903892,0.815418,0.075000
-0.933220,0.774706,0.225000
-0.933220,0.774706,0.075000
-0.963695,0.732033,0.225000
-0.963695,0.732033,0.075000
-0.991722,0.692518,0.225000
-0.991722,0.692518,0.075000
-1.019166,0.652596,0.225000
-1.019166,0.652596,0.075000
-1.048731,0.609288,0.225000
-1.048731,0.609288,0.075000
-1.076851,0.567732,0.225000
-1.076851,0.567732,0.075000
-1.111551,0.514859,0.225000
-1.111551,0.514859,0.075000
-1.128359,0.461076,0.225000
-1.128359,0.461076,0.075000
-1.141160,0.418232,0.225000
-1.141160,0.418232,0.075000
-1.154370,0.373425,0.225000
-1.154370,0.373425,0.075000
-1.166457,0.331987,0.225000
-1.166457,0.331987,0.075000
-1.178001,0.290394,0.225000
-1.178001,0.290394,0.075000
-1.190366,0.245346,0.225000
-1.190366,0.245346,0.075000
-1.202043,0.202182,0.225000
-1.202043,0.202182,0.075000
-1.216074,0.147609,0.225000
-1.216074,0.147609,0.075000
-1.209794,0.063942,0.225000
-1.209794,0.063942,0.075000
-1.203564,-0.002278,0.225000
-1.203564,-0.002278,0.075000
-1.196672,-0.071545,0.225000
-1.196672,-0.071545,0.075000
-1.190030,-0.135466,0.225000
-1.190030,-0.135466,0.075000
-1.182135,-0.199244,0.225000
-1.182135,-0.199244,0.075000
-1.173283,-0.268287,0.225000
-1.173283,-0.268287,0.075000
-1.164470,-0.334213,0.225000
-1.164470,-0.334213,0.075000
-1.151785,-0.417151,0.225000
-1.151785,-0.417151,0.075000
-1.137350,-0.448789,0.225000
-1.137350,-0.448789,0.075000
-1.125695,-0.473819,0.225000
-1.125695,-0.473819,0.075000
-1.113470,-0.499917,0.225000
-1.113470,-0.499917,0.075000
-1.102127,-0.524023,0.225000
-1.102127,-0.524023,0.075000
-1.090591,-0.548036,0.225000
-1.090591,-0.548036,0.075000
-1.078066,-0.573992,0.225000
-1.078066,-0.573992,0.075000
