0.542471,0.840074,0.300000
0.707107,0.707107,0.300000
0.840074,0.542471,0.300000
0.440525,0.897740,0.300000
0.897740,0.440525,0.300000
0.267991,0.963421,0.300000
0.963421,0.267991,0.300000
-0.120497,0.992714,0.300000
0.992714,-0.120497,0.300000
-0.420293,0.907388,0.300000
0.907388,-0.420293,0.300000
-0.707107,0.707107,0.300000
0.707107,-0.707107,0.300000
-0.907388,0.420293,0.300000
0.420293,-0.907388,0.300000
-0.992714,0.120497,0.300000
-0.940233,-0.340532,0.300000
0.120497,-0.992714,0.300000
-0.340532,-0.940233,0.300000
-0.857620,-0.514284,0.300000
-0.758801,-0.651323,0.300000
-0.707107,-0.707107,0.300000
-0.514284,-0.857620,0.300000
-0.651323,-0.758801,0.300000
0.542471,0.840074,0.000000
0.707107,0.707107,0.000000
0.840074,0.542471,0.000000
0.440525,0.897740,0.000000
0.897740,0.440525,0.000000
0.267991,0.963421,0.000000
0.963421,0.267991,0.000000
-0.120497,0.992714,0.000000
0.992714,-0.120497,0.000000
-0.420293,0.907388,0.000000
0.907388,-0.420293,0.000000
-0.707107,0.707107,0.000000
0.707107,-0.707107,0.000000
-0.907388,0.420293,0.000000
0.420293,-0.907388,0.000000
-0.992714,0.120497,0.000000
-0.940233,-0.340532,0.000000
0.120497,-0.992714,0.000000
-0.340532,-0.940233,0.000000
-0.857620,-0.514284,0.000000
-0.758801,-0.651323,0.000000
-0.707107,-0.707107,0.000000
-0.514284,-0.857620,0.000000
-0.651323,-0.758801,0.000000
-0.981712,-0.466770,0.275000
-0.981712,-0.466770,0.025000
-0.936235,-0.561427,0.275000
-0.936235,-0.561427,0.025000
-0.882562,-0.636419,0.275000
-0.882562,-0.636419,0.025000
-0.828358,-0.711028,0.275000
-0.828358,-0.711028,0.025000
-0.800190,-0.741522,0.275000
-0.800190,-0.741522,0.025000
-0.771925,-0.771925,0.275000
-0.771925,-0.771925,0.025000
-0.741522,-0.800190,0.275000
-0.741522,-0.800190,0.025000
-0.711028,-0.828358,0.275000
-0.711028,-0.828358,0.025000
-0.636419,-0.882562,0.275000
-0.636419,-0.882562,0.025000
-0.561427,-0.936235,0.275000
-0.561427,-0.936235,0.025000
-0.466770,-0.981712,0.275000
-0.466770,-0.981712,0.025000
-0.371747,-1.026421,0.275000
-0.371747,-1.026421,0.025000
-0.120385,-1.057552,0.275000
-0.120385,-1.057552,0.025000
0.131542,-1.083713,0.275000
0.131542,-1.083713,0.025000
0.295488,-1.038217,0.275000
0.295488,-1.038217,0.025000
0.458820,-0.990566,0.275000
0.458820,-0.990566,0.025000
0.616182,-0.882404,0.275000
0.616182,-0.882404,0.025000
0.771925,-0.771925,0.275000
0.771925,-0.771925,0.025000
0.882404,-0.616182,0.275000
0.882404,-0.616182,0.025000
0.990566,-0.458820,0.275000
0.990566,-0.458820,0.025000
1.038217,-0.295488,0.275000
1.038217,-0.295488,0.025000
1.083713,-0.131542,0.275000
1.083713,-0.131542,0.025000
1.069475,0.080639,0.275000
1.069475,0.080639,0.025000
1.051735,0.292557,0.275000
1.051735,0.292557,0.025000
1.016250,0.386871,0.275000
1.016250,0.386871,0.025000
0.980033,0.480907,0.275000
0.980033,0.480907,0.025000
0.948694,0.536630,0.275000
0.948694,0.536630,0.025000
0.917081,0.592198,0.275000
0.917081,0.592198,0.025000
0.844904,0.682385,0.275000
0.844904,0.682385,0.025000
0.771925,0.771925,0.275000
0.771925,0.771925,0.025000
0.682385,0.844904,0.275000
0.682385,0.844904,0.025000
0.592198,0.917081,0.275000
0.592198,0.917081,0.025000
0.536630,0.948694,0.275000
0.536630,0.948694,0.025000
0.480907,0.980033,0.275000
0.480907,0.980033,0.025000
0.386871,1.016250,0.275000
0.386871,1.016250,0.025000
0.292557,1.051735,0.275000
0.292557,1.051735,0.025000
0.080639,1.069475,0.275000
0.080639,1.069475,0.025000
-0.131542,1.083713,0.275000
-0.131542,1.083713,0.025000
-0.295488,1.038217,0.275000
-0.295488,1.038217,0.025000
-0.458820,0.990566,0.275000
-0.458820,0.990566,0.025000
-0.616182,0.882404,0.275000
-0.616182,0.882404,0.025000
-0.771925,0.771925,0.275000
-0.771925,0.771925,0.025000
-0.882404,0.616182,0.275000
-0.882404,0.616182,0.025000
-0.990566,0.458820,0.275000
-0.990566,0.458820,0.025000
-1.038217,0.295488,0.275000
-1.038217,0.295488,0.025000
-1.083713,0.131542,0.275000
-1.083713,0.131542,0.025000
-1.057552,-0.120385,0.275000
-1.057552,-0.120385,0.025000
-1.026421,-0.371747,0.275000
-1.026421,-0.371747,0.025000
-1.026576,-0.546577,0.250000
-1.026576,-0.546577,0.050000
-1.000557,-0.599998,0.250000
-1.000557,-0.599998,0.050000
-0.970387,-0.642574,0.250000
-0.970387,-0.642574,0.050000
-0.943395,-0.680286,0.250000
-0.943395,-0.680286,0.050000
-0.916137,-0.717806,0.250000
-0.916137,-0.717806,0.050000
-0.885268,-0.759877,0.250000
-0.885268,-0.759877,0.050000
-0.869366,-0.777165,0.250000
-0.869366,-0.777165,0.050000
-0.855201,-0.792500,0.250000
-0.855201,-0.792500,0.050000
-0.840987,-0.807789,0.250000
-0.840987,-0.807789,0.050000
-0.824958,-0.824958,0.250000
-0.824958,-0.824958,0.050000
-0.807789,-0.840987,0.250000
-0.807789,-0.840987,0.050000
-0.792500,-0.855201,0.250000
-0.792500,-0.855201,0.050000
-0.777165,-0.869366,0.250000
-0.777165,-0.869366,0.050000
-0.759877,-0.885268,0.250000
-0.759877,-0.885268,0.050000
-0.717806,-0.916137,0.250000
-0.717806,-0.916137,0.050000
-0.680286,-0.943395,0.250000
-0.680286,-0.943395,0.050000
-0.642574,-0.970387,0.250000
-0.642574,-0.970387,0.050000
-0.599998,-1.000557,0.250000
-0.599998,-1.000557,0.050000
-0.546577,-1.026576,0.250000
-0.546577,-1.026576,0.050000
-0.498975,-1.049446,0.250000
-0.498975,-1.049446,0.050000
-0.451189,-1.071930,0.250000
-0.451189,-1.071930,0.050000
-0.397287,-1.096939,0.250000
-0.397287,-1.096939,0.050000
-0.255284,-1.116418,0.250000
-0.255284,-1.116418,0.050000
-0.128868,-1.132071,0.250000
-0.128868,-1.132071,0.050000
-0.002168,-1.145231,0.250000
-0.002168,-1.145231,0.050000
0.140580,-1.158166,0.250000
0.140580,-1.158166,0.050000
0.233570,-1.133234,0.250000
0.233570,-1.133234,0.050000
0.316018,-1.110352,0.250000
0.316018,-1.110352,0.050000
0.398159,-1.086390,0.250000
0.398159,-1.086390,0.050000
0.490342,-1.058620,0.250000
0.490342,-1.058620,0.050000
0.579984,-0.998293,0.250000
0.579984,-0.998293,0.050000
0.659121,-0.943896,0.250000
0.659121,-0.943896,0.050000
0.737447,-0.888337,0.250000
0.737447,-0.888337,0.050000
0.824958,-0.824958,0.250000
0.824958,-0.824958,0.050000
0.888337,-0.737447,0.250000
0.888337,-0.737447,0.050000
0.943896,-0.659121,0.250000
0.943896,-0.659121,0.050000
0.998293,-0.579984,0.250000
0.998293,-0.579984,0.050000
1.058620,-0.490342,0.250000
1.058620,-0.490342,0.050000
1.086390,-0.398159,0.250000
1.086390,-0.398159,0.050000
1.110352,-0.316018,0.250000
1.110352,-0.316018,0.050000
1.133234,-0.233570,0.250000
1.133234,-0.233570,0.050000
1.158166,-0.140580,0.250000
1.158166,-0.140580,0.050000
1.151426,-0.020430,0.250000
1.151426,-0.020430,0.050000
1.144263,0.086278,0.250000
1.144263,0.086278,0.050000
1.135344,0.192854,0.250000
1.135344,0.192854,0.050000
1.123992,0.312656,0.250000
1.123992,0.312656,0.050000
1.104189,0.366125,0.250000
1.104189,0.366125,0.050000
1.086343,0.413554,0.250000
1.086343,0.413554,0.050000
1.068130,0.460844,0.250000
1.068130,0.460844,0.050000
1.047364,0.513947,0.250000
1.047364,0.513947,0.050000
1.029734,0.545534,0.250000
1.029734,0.545534,0.050000
1.013974,0.573556,0.250000
1.013974,0.573556,0.050000
0.998077,0.601500,0.250000
0.998077,0.601500,0.050000
0.980087,0.632884,0.250000
0.980087,0.632884,0.050000
0.939549,0.684155,0.250000
0.939549,0.684155,0.050000
0.903250,0.729509,0.250000
0.903250,0.729509,0.050000
0.866551,0.774538,0.250000
0.866551,0.774538,0.050000
0.824958,0.824958,0.250000
0.824958,0.824958,0.050000
0.774538,0.866551,0.250000
0.774538,0.866551,0.050000
0.729509,0.903250,0.250000
0.729509,0.903250,0.050000
0.684155,0.939549,0.250000
0.684155,0.939549,0.050000
0.632884,0.980087,0.250000
0.632884,0.980087,0.050000
0.601500,0.998077,0.250000
0.601500,0.998077,0.050000
0.573556,1.013974,0.250000
0.573556,1.013974,0.050000
0.545534,1.029734,0.250000
0.545534,1.029734,0.050000
0.513947,1.047364,0.250000
0.513947,1.047364,0.050000
0.460844,1.068130,0.250000
0.460844,1.068130,0.050000
0.413554,1.086343,0.250000
0.413554,1.086343,0.050000
0.366125,1.104189,0.250000
0.366125,1.104189,0.050000
0.312656,1.123992,0.250000
0.312656,1.123992,0.050000
0.192854,1.135344,0.250000
0.192854,1.135344,0.050000
0.086278,1.144263,0.250000
0.086278,1.144263,0.050000
-0.020430,1.151426,0.250000
-0.020430,1.151426,0.050000
-0.140580,1.158166,0.250000
-0.140580,1.158166,0.050000
-0.233570,1.133234,0.250000
-0.233570,1.133234,0.050000
-0.316018,1.110352,0.250000
-0.316018,1.110352,0.050000
-0.398159,1.086390,0.250000
-0.398159,1.086390,0.050000
-0.490342,1.058620,0.250000
-0.490342,1.058620,0.050000
-0.579984,0.998293,0.250000
-0.579984,0.998293,0.050000
-0.659121,0.943896,0.250000
-0.659121,0.943896,0.050000
-0.737447,0.888337,0.250000
-0.737447,0.888337,0.050000
-0.824958,0.824958,0.250000
-0.824958,0.824958,0.050000
-0.888337,0.737447,0.250000
-0.888337,0.737447,0.050000
-0.943896,0.659121,0.250000
-0.943896,0.659121,0.050000
-0.998293,0.579984,0.250000
-0.998293,0.579984,0.050000
-1.058620,0.490342,0.250000
-1.058620,0.490342,0.050000
-1.086390,0.398159,0.250000
-1.086390,0.398159,0.050000
-1.110352,0.316018,0.250000
-1.110352,0.316018,0.050000
-1.133234,0.233570,0.250000
-1.133234,0.233570,0.050000
-1.158166,0.140580,0.250000
-1.158166,0.140580,0.050000
-1.145231,-0.002168,0.250000
-1.145231,-0.002168,0.050000
-1.132071,-0.128868,0.250000
-1.132071,-0.128868,0.050000
-1.116418,-0.255284,0.250000
-1.116418,-0.255284,0.050000
-1.096939,-0.397287,0.250000
-1.096939,-0.397287,0.050000
-1.071930,-0.451189,0.250000
-1.071930,-0.451189,0.050000
-1.049446,-0.498975,0.250000
-1.049446,-0.498975,0.050000
-1.066010,-0.598831,0.225000
-1.066010,-0.598831,0.075000
-1.050584,-0.629998,0.225000
-1.050584,-0.629998,0.075000
-1.033067,-0.655012,0.225000
-1.033067,-0.655012,0.075000
-1.019024,-0.674780,0.225000
-1.019024,-0.674780,0.075000
-1.004327,-0.695381,0.225000
-1.004327,-0.695381,0.075000
-0.990710,-0.714405,0.225000
-0.990710,-0.714405,0.075000
-0.976959,-0.733332,0.225000
-0.976959,-0.733332,0.075000
-0.962054,-0.753783,0.225000
-0.962054,-0.753783,0.075000
-0.947733,-0.773350,0.225000
-0.947733,-0.773350,0.075000
-0.929531,-0.797871,0.225000
-0.929531,-0.797871,0.075000
-0.920250,-0.808011,0.225000
-0.920250,-0.808011,0.075000
-0.912856,-0.816042,0.225000
-0.912856,-0.816042,0.075000
-0.905133,-0.824413,0.225000
-0.905133,-0.824413,0.075000
-0.897988,-0.832149,0.225000
-0.897988,-0.832149,0.075000
-0.890818,-0.839862,0.225000
-0.890818,-0.839862,0.075000
-0.883057,-0.848198,0.225000
-0.883057,-0.848198,0.075000
-0.875611,-0.856182,0.225000
-0.875611,-0.856182,0.075000
-0.866206,-0.866206,0.225000
-0.866206,-0.866206,0.075000
-0.856182,-0.875611,0.225000
-0.856182,-0.875611,0.075000
-0.848198,-0.883057,0.225000
-0.848198,-0.883057,0.075000
-0.839862,-0.890818,0.225000
-0.839862,-0.890818,0.075000
-0.832149,-0.897988,0.225000
-0.832149,-0.897988,0.075000
-0.824413,-0.905133,0.225000
-0.824413,-0.905133,0.075000
-0.816042,-0.912856,0.225000
-0.816042,-0.912856,0.075000
-0.808011,-0.920250,0.225000
-0.808011,-0.920250,0.075000
-0.797871,-0.929531,0.225000
-0.797871,-0.929531,0.075000
-0.773350,-0.947733,0.225000
-0.773350,-0.947733,0.075000
-0.753783,-0.962054,0.225000
-0.753783,-0.962054,0.075000
-0.733332,-0.976959,0.225000
-0.733332,-0.976959,0.075000
-0.714405,-0.990710,0.225000
-0.714405,-0.990710,0.075000
-0.695381,-1.004327,0.225000
-0.695381,-1.004327,0.075000
-0.674780,-1.019024,0.225000
-0.674780,-1.019024,0.075000
-0.655012,-1.033067,0.225000
-0.655012,-1.033067,0.075000
-0.629998,-1.050584,0.225000
-0.629998,-1.050584,0.075000
-0.598831,-1.066010,0.225000
-0.598831,-1.066010,0.075000
-0.573992,-1.078066,0.225000
-0.573992,-1.078066,0.075000
-0.548036,-1.090591,0.225000
-0.548036,-1.090591,0.075000
-0.524023,-1.102127,0.225000
-0.524023,-1.102127,0.075000
-0.499917,-1.113470,0.225000
-0.499917,-1.113470,0.075000
-0.473819,-1.125695,0.225000
-0.473819,-1.125695,0.075000
-0.448789,-1.137350,0.225000
-0.448789,-1.137350,0.075000
-0.417151,-1.151785,0.225000
-0.417151,-1.151785,0.075000
-0.334213,-1.164470,0.225000
-0.334213,-1.164470,0.075000
-0.268287,-1.173283,0.225000
-0.268287,-1.173283,0.075000
-0.199244,-1.182135,0.225000
-0.199244,-1.182135,0.075000
-0.135466,-1.190030,0.225000
-0.135466,-1.190030,0.075000
-0.071545,-1.196672,0.225000
-0.071545,-1.196672,0.075000
-0.002278,-1.203564,0.225000
-0.002278,-1.203564,0.075000
0.063942,-1.209794,0.225000
0.063942,-1.209794,0.075000
0.147609,-1.216074,0.225000
0.147609,-1.216074,0.075000
0.202182,-1.202043,0.225000
0.202182,-1.202043,0.075000
0.245346,-1.190366,0.225000
0.245346,-1.190366,0.075000
0.290394,-1.178001,0.225000
0.290394,-1.178001,0.075000
0.331987,-1.166457,0.225000
0.331987,-1.166457,0.075000
0.373425,-1.154370,0.225000
0.373425,-1.154370,0.075000
0.418232,-1.141160,0.225000
0.418232,-1.141160,0.075000
0.461076,-1.128359,0.225000
0.461076,-1.128359,0.075000
0.514859,-1.111551,0.225000
0.514859,-1.111551,0.075000
0.567732,-1.076851,0.225000
0.567732,-1.076851,0.075000
0.609288,-1.048731,0.225000
0.609288,-1.048731,0.075000
0.652596,-1.019166,0.225000
0.652596,-1.019166,0.075000
0.692518,-0.991722,0.225000
0.692518,-0.991722,0.075000
0.732033,-0.963695,0.225000
0.732033,-0.963695,0.075000
0.774706,-0.933220,0.225000
0.774706,-0.933220,0.075000
0.815418,-0.903892,0.225000
0.815418,-0.903892,0.075000
0.866206,-0.866206,0.225000
0.866206,-0.866206,0.075000
0.903892,-0.815418,0.225000
0.903892,-0.815418,0.075000
0.933220,-0.774706,0.225000
0.933220,-0.774706,0.075000
0.963695,-0.732033,0.225000
0.963695,-0.732033,0.075000
0.991722,-0.692518,0.225000
0.991722,-0.692518,0.075000
1.019166,-0.652596,0.225000
1.019166,-0.652596,0.075000
1.048731,-0.609288,0.225000
1.048731,-0.609288,0.075000
1.076851,-0.567732,0.225000
1.076851,-0.567732,0.075000
1.111551,-0.514859,0.225000
1.111551,-0.514859,0.075000
1.128359,-0.461076,0.225000
1.128359,-0.461076,0.075000
1.141160,-0.418232,0.225000
1.141160,-0.418232,0.075000
1.154370,-0.373425,0.225000
1.154370,-0.373425,0.075000
1.166457,-0.331987,0.225000
1.166457,-0.331987,0.075000
1.178001,-0.290394,0.225000
1.178001,-0.290394,0.075000
1.190366,-0.245346,0.225000
1.190366,-0.245346,0.075000
1.202043,-0.202182,0.225000
1.202043,-0.202182,0.075000
1.216074,-0.147609,0.225000
1.216074,-0.147609,0.075000
1.213037,-0.077238,0.225000
1.213037,-0.077238,0.075000
1.209749,-0.021465,0.225000
1.209749,-0.021465,0.075000
1.206046,0.036831,0.225000
1.206046,0.036831,0.075000
1.202431,0.090664,0.225000
1.202431,0.090664,0.075000
1.197933,0.144431,0.225000
1.197933,0.144431,0.075000
1.192853,0.202623,0.225000
1.192853,0.202623,0.075000
1.187741,0.258258,0.225000
1.187741,0.258258,0.075000
1.180191,0.328289,0.225000
1.180191,0.328289,0.075000
1.168792,0.359650,0.225000
1.168792,0.359650,0.075000
1.159557,0.384484,0.225000
1.159557,0.384484,0.075000
1.149862,0.410382,0.225000
1.149862,0.410382,0.075000
1.140859,0.434308,0.225000
1.140859,0.434308,0.075000
1.131672,0.458164,0.225000
1.131672,0.458164,0.075000
1.121691,0.483953,0.225000
1.121691,0.483953,0.075000
1.112074,0.508641,0.225000
1.112074,0.508641,0.075000
1.099732,0.539644,0.225000
1.099732,0.539644,0.075000
1.089486,0.558169,0.225000
1.089486,0.558169,0.075000
1.081281,0.572842,0.225000
1.081281,0.572842,0.075000
1.072698,0.588140,0.225000
1.072698,0.588140,0.075000
1.064747,0.602276,0.225000
1.064747,0.602276,0.075000
1.056728,0.616372,0.225000
1.056728,0.616372,0.075000
1.048038,0.631610,0.225000
1.048038,0.631610,0.075000
1.039690,0.646202,0.225000
1.039690,0.646202,0.075000
1.029091,0.664527,0.225000
1.029091,0.664527,0.075000
1.005576,0.694698,0.225000
1.005576,0.694698,0.075000
0.986704,0.718493,0.225000
0.986704,0.718493,0.075000
0.966943,0.743281,0.225000
0.966943,0.743281,0.075000
0.948631,0.766160,0.225000
0.948631,0.766160,0.075000
0.930118,0.788876,0.225000
0.930118,0.788876,0.075000
0.910043,0.813412,0.225000
0.910043,0.813412,0.075000
0.890753,0.836868,0.225000
0.890753,0.836868,0.075000
0.866206,0.866206,0.225000
0.866206,0.866206,0.075000
0.836868,0.890753,0.225000
0.836868,0.890753,0.075000
0.813412,0.910043,0.225000
0.813412,0.910043,0.075000
0.788876,0.930118,0.225000
0.788876,0.930118,0.075000
0.766160,0.948631,0.225000
0.766160,0.948631,0.075000
0.743281,0.966943,0.225000
0.743281,0.966943,0.075000
0.718493,0.986704,0.225000
0.718493,0.986704,0.075000
0.694698,1.005576,0.225000
0.694698,1.005576,0.075000
0.664527,1.029091,0.225000
0.664527,1.029091,0.075000
0.646202,1.039690,0.225000
0.646202,1.039690,0.075000
0.631610,1.048038,0.225000
0.631610,1.048038,0.075000
0.616372,1.056728,0.225000
0.616372,1.056728,0.075000
0.602276,1.064747,0.225000
0.602276,1.064747,0.075000
0.588140,1.072698,0.225000
0.588140,1.072698,0.075000
0.572842,1.081281,0.225000
0.572842,1.081281,0.075000
0.558169,1.089486,0.225000
0.558169,1.089486,0.075000
0.539644,1.099732,0.225000
0.539644,1.099732,0.075000
0.508641,1.112074,0.225000
0.508641,1.112074,0.075000
0.483953,1.121691,0.225000
0.483953,1.121691,0.075000
0.458164,1.131672,0.225000
0.458164,1.131672,0.075000
0.434308,1.140859,0.225000
0.434308,1.140859,0.075000
0.410382,1.149862,0.225000
0.410382,1.149862,0.075000
0.384484,1.159557,0.225000
0.384484,1.159557,0.075000
0.359650,1.168792,0.225000
0.359650,1.168792,0.075000
0.328289,1.180191,0.225000
0.328289,1.180191,0.075000
0.258258,1.187741,0.225000
0.258258,1.187741,0.075000
0.202623,1.192853,0.225000
0.202623,1.192853,0.075000
0.144431,1.197933,0.225000
0.144431,1.197933,0.075000
0.090664,1.202431,0.225000
0.090664,1.202431,0.075000
0.036831,1.206046,0.225000
0.036831,1.206046,0.075000
-0.021465,1.209749,0.225000
-0.021465,1.209749,0.075000
-0.077238,1.213037,0.225000
-0.077238,1.213037,0.075000
-0.147609,1.216074,0.225000
-0.147609,1.216074,0.075000
-0.202182,1.202043,0.225000
-0.202182,1.202043,0.075000
-0.245346,1.190366,0.225000
-0.245346,1.190366,0.075000
-0.290394,1.178001,0.225000
-0.290394,1.178001,0.075000
-0.331987,1.166457,0.225000
-0.331987,1.166457,0.075000
-0.373425,1.154370,0.225000
-0.373425,1.154370,0.075000
-0.418232,1.141160,0.225000
-0.418232,1.141160,0.075000
-0.461076,1.128359,0.225000
-0.461076,1.128359,0.075000
-0.514859,1.111551,0.225000
-0.514859,1.111551,0.075000
-0.567732,1.076851,0.225000
-0.567732,1.076851,0.075000
-0.609288,1.048731,0.225000
-0.609288,1.048731,0.075000
-0.652596,1.019166,0.225000
-0.652596,1.019166,0.075000
-0.692518,0.991722,0.225000
-0.692518,0.991722,0.075000
-0.732033,0.963695,0.225000
-0.732033,0.963695,0.075000
-0.774706,0.933220,0.225000
-0.774706,0.933220,0.075000
-0.815418,0.903892,0.225000
-0.815418,0.903892,0.075000
-0.866206,0.866206,0.225000
-0.866206,0.866206,0.075000
-0.903892,0.815418,0.225000
-0.903892,0.815418,0.075000
-0.933220,0.774706,0.225000
-0.933220,0.774706,0.075000
-0.963695,0.732033,0.225000
-0.963695,0.732033,0.075000
-0.991722,0.692518,0.225000
-0.991722,0.692518,0.075000
-1.019166,0.652596,0.225000
-1.019166,0.652596,0.075000
-1.048731,0.609288,0.225000
-1.048731,0.609288,0.075000
-1.076851,0.567732,0.225000
-1.076851,0.567732,0.075000
-1.111551,0.514859,0.225000
-1.111551,0.514859,0.075000
-1.128359,0.461076,0.225000
-1.128359,0.461076,0.075000
-1.141160,0.418232,0.225000
-1.141160,0.418232,0.075000
-1.154370,0.373425,0.225000
-1.154370,0.373425,0.075000
-1.166457,0.331987,0.225000
-1.166457,0.331987,0.075000
-1.178001,0.290394,0.225000
-1.178001,0.290394,0.075000
-1.190366,0.245346,0.225000
-1.190366,0.245346,0.075000
-1.202043,0.202182,0.225000
-1.202043,0.202182,0.075000
-1.216074,0.147609,0.225000
-1.216074,0.147609,0.075000
-1.209794,0.063942,0.225000
-1.209794,0.063942,0.075000
-1.203564,-0.002278,0.225000
-1.203564,-0.002278,0.075000
-1.196672,-0.071545,0.225000
-1.196672,-0.071545,0.075000
-1.190030,-0.135466,0.225000
-1.190030,-0.135466,0.075000
-1.182135,-0.199244,0.225000
-1.182135,-0.199244,0.075000
-1.173283,-0.268287,0.225000
-1.173283,-0.268287,0.075000
-1.164470,-0.334213,0.225000
-1.164470,-0.334213,0.075000
-1.151785,-0.417151,0.225000
-1.151785,-0.417151,0.075000
-1.137350,-0.448789,0.225000
-1.137350,-0.448789,0.075000
-1.125695,-0.473819,0.225000
-1.125695,-0.473819,0.075000
-1.113470,-0.499917,0.225000
-1.113470,-0.499917,0.075000
-1.102127,-0.524023,0.225000
-1.102127,-0.524023,0.075000
-1.090591,-0.548036,0.225000
-1.090591,-0.548036,0.075000
-1.078066,-0.573992,0.225000
-1.078066,-0.573992,0.075000
-1.095641,-0.632897,0.200000
-1.095641,-0.632897,0.100000
-1.086319,-0.651427,0.200000
-1.086319,-0.651427,0.100000
-1.075956,-0.666406,0.200000
-1.075956,-0.666406,0.100000
-1.068257,-0.677324,0.200000
-1.068257,-0.677324,0.100000
-1.060013,-0.689027,0.200000
-1.060013,-0.689027,0.100000
-1.053765,-0.697785,0.200000
-1.053765,-0.697785,0.100000
-1.045595,-0.709280,0.200000
-1.045595,-0.709280,0.100000
-1.038584,-0.719100,0.200000
-1.038584,-0.719100,0.100000
-1.031400,-0.729144,0.200000
-1.031400,-0.729144,0.100000
-1.024506,-0.738776,0.200000
-1.024506,-0.738776,0.100000
-1.017545,-0.748358,0.200000
-1.017545,-0.748358,0.100000
-1.010283,-0.758346,0.200000
-1.010283,-0.758346,0.100000
-1.003180,-0.768099,0.200000
-1.003180,-0.768099,0.100000
-0.994853,-0.779481,0.200000
-0.994853,-0.779481,0.100000
-0.988517,-0.788176,0.200000
-0.988517,-0.788176,0.100000
-0.980016,-0.799693,0.200000
-0.980016,-0.799693,0.100000
-0.972088,-0.810446,0.200000
-0.972088,-0.810446,0.100000
-0.961148,-0.825009,0.200000
-0.961148,-0.825009,0.100000
-0.955628,-0.831072,0.200000
-0.955628,-0.831072,0.100000
-0.951561,-0.835503,0.200000
-0.951561,-0.835503,0.100000
-0.947205,-0.840250,0.200000
-0.947205,-0.840250,0.100000
-0.943920,-0.843811,0.200000
-0.943920,-0.843811,0.100000
-0.939621,-0.848479,0.200000
-0.939621,-0.848479,0.100000
-0.935938,-0.852471,0.200000
-0.935938,-0.852471,0.100000
-0.932167,-0.856554,0.200000
-0.932167,-0.856554,0.100000
-0.928550,-0.860470,0.200000
-0.928550,-0.860470,0.100000
-0.924920,-0.864375,0.200000
-0.924920,-0.864375,0.100000
-0.921135,-0.868445,0.200000
-0.921135,-0.868445,0.100000
-0.917435,-0.872421,0.200000
-0.917435,-0.872421,0.100000
-0.913107,-0.877062,0.200000
-0.913107,-0.877062,0.100000
-0.909806,-0.880608,0.200000
-0.909806,-0.880608,0.100000
-0.905403,-0.885312,0.200000
-0.905403,-0.885312,0.100000
-0.901294,-0.889704,0.200000
-0.901294,-0.889704,0.100000
-0.895669,-0.895669,0.200000
-0.895669,-0.895669,0.100000
-0.889704,-0.901294,0.200000
-0.889704,-0.901294,0.100000
-0.885312,-0.905403,0.200000
-0.885312,-0.905403,0.100000
-0.880608,-0.909806,0.200000
-0.880608,-0.909806,0.100000
-0.877062,-0.913107,0.200000
-0.877062,-0.913107,0.100000
-0.872421,-0.917435,0.200000
-0.872421,-0.917435,0.100000
-0.868445,-0.921135,0.200000
-0.868445,-0.921135,0.100000
-0.864375,-0.924920,0.200000
-0.864375,-0.924920,0.100000
-0.860470,-0.928550,0.200000
-0.860470,-0.928550,0.100000
-0.856554,-0.932167,0.200000
-0.856554,-0.932167,0.100000
-0.852471,-0.935938,0.200000
-0.852471,-0.935938,0.100000
-0.848479,-0.939621,0.200000
-0.848479,-0.939621,0.100000
-0.843811,-0.943920,0.200000
-0.843811,-0.943920,0.100000
-0.840250,-0.947205,0.200000
-0.840250,-0.947205,0.100000
-0.835503,-0.951561,0.200000
-0.835503,-0.951561,0.100000
-0.831072,-0.955628,0.200000
-0.831072,-0.955628,0.100000
-0.825009,-0.961148,0.200000
-0.825009,-0.961148,0.100000
-0.810446,-0.972088,0.200000
-0.810446,-0.972088,0.100000
-0.799693,-0.980016,0.200000
-0.799693,-0.980016,0.100000
-0.788176,-0.988517,0.200000
-0.788176,-0.988517,0.100000
-0.779481,-0.994853,0.200000
-0.779481,-0.994853,0.100000
-0.768099,-1.003180,0.200000
-0.768099,-1.003180,0.100000
-0.758346,-1.010283,0.200000
-0.758346,-1.010283,0.100000
-0.748358,-1.017545,0.200000
-0.748358,-1.017545,0.100000
-0.738776,-1.024506,0.200000
-0.738776,-1.024506,0.100000
-0.729144,-1.031400,0.200000
-0.729144,-1.031400,0.100000
-0.719100,-1.038584,0.200000
-0.719100,-1.038584,0.100000
-0.709280,-1.045595,0.200000
-0.709280,-1.045595,0.100000
-0.697785,-1.053765,0.200000
-0.697785,-1.053765,0.100000
-0.689027,-1.060013,0.200000
-0.689027,-1.060013,0.100000
-0.677324,-1.068257,0.200000
-0.677324,-1.068257,0.100000
-0.666406,-1.075956,0.200000
-0.666406,-1.075956,0.100000
-0.651427,-1.086319,0.200000
-0.651427,-1.086319,0.100000
-0.632897,-1.095641,0.200000
-0.632897,-1.095641,0.100000
-0.619238,-1.102337,0.200000
-0.619238,-1.102337,0.100000
-0.604606,-1.109523,0.200000
-0.604606,-1.109523,0.100000
-0.593574,-1.114845,0.200000
-0.593574,-1.114845,0.100000
-0.579123,-1.121855,0.200000
-0.579123,-1.121855,0.100000
-0.566745,-1.127822,0.200000
-0.566745,-1.127822,0.100000
-0.554072,-1.133917,0.200000
-0.554072,-1.133917,0.100000
-0.541914,-1.139757,0.200000
-0.541914,-1.139757,0.100000
-0.529710,-1.145500,0.200000
-0.529710,-1.145500,0.100000
-0.516983,-1.151482,0.200000
-0.516983,-1.151482,0.100000
-0.504542,-1.157315,0.200000
-0.504542,-1.157315,0.100000
-0.489984,-1.164098,0.200000
-0.489984,-1.164098,0.100000
-0.478892,-1.169295,0.200000
-0.478892,-1.169295,0.100000
-0.464083,-1.176108,0.200000
-0.464083,-1.176108,0.100000
-0.450267,-1.182475,0.200000
-0.450267,-1.182475,0.100000
-0.431340,-1.190962,0.200000
-0.431340,-1.190962,0.100000
-0.381982,-1.199316,0.200000
-0.381982,-1.199316,0.100000
-0.345708,-1.204520,0.200000
-0.345708,-1.204520,0.100000
-0.306771,-1.210176,0.200000
-0.306771,-1.210176,0.100000
-0.277575,-1.213902,0.200000
-0.277575,-1.213902,0.100000
-0.239065,-1.219038,0.200000
-0.239065,-1.219038,0.100000
-0.206169,-1.223223,0.200000
-0.206169,-1.223223,0.100000
-0.172473,-1.227434,0.200000
-0.172473,-1.227434,0.100000
-0.140178,-1.231429,0.200000
-0.140178,-1.231429,0.100000
-0.107812,-1.234795,0.200000
-0.107812,-1.234795,0.100000
-0.074031,-1.238265,0.200000
-0.074031,-1.238265,0.100000
-0.041037,-1.241580,0.200000
-0.041037,-1.241580,0.100000
-0.002357,-1.245231,0.200000
-0.002357,-1.245231,0.100000
0.026929,-1.248163,0.200000
0.026929,-1.248163,0.100000
0.066141,-1.251403,0.200000
0.066141,-1.251403,0.100000
0.102656,-1.254484,0.200000
0.102656,-1.254484,0.100000
0.152629,-1.257438,0.200000
0.152629,-1.257438,0.100000
0.185271,-1.249413,0.200000
0.185271,-1.249413,0.100000
0.209093,-1.243133,0.200000
0.209093,-1.243133,0.100000
0.234645,-1.236425,0.200000
0.234645,-1.236425,0.100000
0.253757,-1.231175,0.200000
0.253757,-1.231175,0.100000
0.278898,-1.224364,0.200000
0.278898,-1.224364,0.100000
0.300367,-1.218457,0.200000
0.300367,-1.218457,0.100000
0.322334,-1.212378,0.200000
0.322334,-1.212378,0.100000
0.343392,-1.206532,0.200000
0.343392,-1.206532,0.100000
0.364373,-1.200413,0.200000
0.364373,-1.200413,0.100000
0.386249,-1.194014,0.200000
0.386249,-1.194014,0.100000
0.407611,-1.187731,0.200000
0.407611,-1.187731,0.100000
0.432571,-1.180283,0.200000
0.432571,-1.180283,0.100000
0.451583,-1.174682,0.200000
0.451583,-1.174682,0.100000
0.476837,-1.166930,0.200000
0.476837,-1.166930,0.100000
0.500397,-1.159725,0.200000
0.500397,-1.159725,0.100000
0.532372,-1.149359,0.200000
0.532372,-1.149359,0.100000
0.564157,-1.129036,0.200000
0.564157,-1.129036,0.100000
0.587164,-1.113709,0.200000
0.587164,-1.113709,0.100000
0.611861,-1.097300,0.200000
0.611861,-1.097300,0.100000
0.630219,-1.084759,0.200000
0.630219,-1.084759,0.100000
0.654435,-1.068361,0.200000
0.654435,-1.068361,0.100000
0.675065,-1.054255,0.200000
0.675065,-1.054255,0.100000
0.696161,-1.039780,0.200000
0.696161,-1.039780,0.100000
0.716374,-1.025884,0.200000
0.716374,-1.025884,0.100000
0.736381,-1.011694,0.200000
0.736381,-1.011694,0.100000
0.757237,-0.996875,0.200000
0.757237,-0.996875,0.100000
0.777585,-0.982365,0.200000
0.777585,-0.982365,0.100000
0.801320,-0.965279,0.200000
0.801320,-0.965279,0.100000
0.819417,-0.952364,0.200000
0.819417,-0.952364,0.100000
0.843328,-0.934830,0.200000
0.843328,-0.934830,0.100000
0.865641,-0.918510,0.200000
0.865641,-0.918510,0.100000
0.895669,-0.895669,0.200000
0.895669,-0.895669,0.100000
0.918510,-0.865641,0.200000
0.918510,-0.865641,0.100000
0.934830,-0.843328,0.200000
0.934830,-0.843328,0.100000
0.952364,-0.819417,0.200000
0.952364,-0.819417,0.100000
0.965279,-0.801320,0.200000
0.965279,-0.801320,0.100000
0.982365,-0.777585,0.200000
0.982365,-0.777585,0.100000
0.996875,-0.757237,0.200000
0.996875,-0.757237,0.100000
1.011694,-0.736381,0.200000
1.011694,-0.736381,0.100000
1.025884,-0.716374,0.200000
1.025884,-0.716374,0.100000
1.039780,-0.696161,0.200000
1.039780,-0.696161,0.100000
1.054255,-0.675065,0.200000
1.054255,-0.675065,0.100000
1.068361,-0.654435,0.200000
1.068361,-0.654435,0.100000
1.084759,-0.630219,0.200000
1.084759,-0.630219,0.100000
1.097300,-0.611861,0.200000
1.097300,-0.611861,0.100000
1.113709,-0.587164,0.200000
1.113709,-0.587164,0.100000
1.129036,-0.564157,0.200000
1.129036,-0.564157,0.100000
1.149359,-0.532372,0.200000
1.149359,-0.532372,0.100000
1.159725,-0.500397,0.200000
1.159725,-0.500397,0.100000
1.166930,-0.476837,0.200000
1.166930,-0.476837,0.100000
1.174682,-0.451583,0.200000
1.174682,-0.451583,0.100000
1.180283,-0.432571,0.200000
1.180283,-0.432571,0.100000
1.187731,-0.407611,0.200000
1.187731,-0.407611,0.100000
1.194014,-0.386249,0.200000
1.194014,-0.386249,0.100000
1.200413,-0.364373,0.200000
1.200413,-0.364373,0.100000
1.206532,-0.343392,0.200000
1.206532,-0.343392,0.100000
1.212378,-0.322334,0.200000
1.212378,-0.322334,0.100000
1.218457,-0.300367,0.200000
1.218457,-0.300367,0.100000
1.224364,-0.278898,0.200000
1.224364,-0.278898,0.100000
1.231175,-0.253757,0.200000
1.231175,-0.253757,0.100000
1.236425,-0.234645,0.200000
1.236425,-0.234645,0.100000
1.243133,-0.209093,0.200000
1.243133,-0.209093,0.100000
1.249413,-0.185271,0.200000
1.249413,-0.185271,0.100000
1.257438,-0.152629,0.200000
1.257438,-0.152629,0.100000
1.256184,-0.110627,0.200000
1.256184,-0.110627,0.100000
1.254620,-0.079885,0.200000
1.254620,-0.079885,0.100000
1.252988,-0.046899,0.200000
1.252988,-0.046899,0.100000
1.251410,-0.022204,0.200000
1.251410,-0.022204,0.100000
1.249481,0.010324,0.200000
1.249481,0.010324,0.100000
1.247694,0.038103,0.200000
1.247694,0.038103,0.100000
1.245812,0.066540,0.200000
1.245812,0.066540,0.100000
1.243980,0.093797,0.200000
1.243980,0.093797,0.100000
1.241704,0.121021,0.200000
1.241704,0.121021,0.100000
1.239301,0.149418,0.200000
1.239301,0.149418,0.100000
1.236902,0.177151,0.200000
1.236902,0.177151,0.100000
1.233932,0.209601,0.200000
1.233932,0.209601,0.100000
1.231789,0.234253,0.200000
1.231789,0.234253,0.100000
1.228456,0.267111,0.200000
1.228456,0.267111,0.100000
1.225393,0.297739,0.200000
1.225393,0.297739,0.100000
1.220334,0.339455,0.200000
1.220334,0.339455,0.100000
1.213652,0.358203,0.200000
1.213652,0.358203,0.100000
1.208616,0.371905,0.200000
1.208616,0.371905,0.100000
1.203229,0.386590,0.200000
1.203229,0.386590,0.100000
1.199107,0.397598,0.200000
1.199107,0.397598,0.100000
1.193732,0.412041,0.200000
1.193732,0.412041,0.100000
1.189105,0.424387,0.200000
1.189105,0.424387,0.100000
1.184358,0.437019,0.200000
1.184358,0.437019,0.100000
1.179800,0.449132,0.200000
1.179800,0.449132,0.100000
1.175149,0.461210,0.200000
1.175149,0.461210,0.100000
1.170294,0.473800,0.200000
1.170294,0.473800,0.100000
1.165540,0.486098,0.200000
1.165540,0.486098,0.100000
1.159949,0.500460,0.200000
1.159949,0.500460,0.100000
1.155707,0.511422,0.200000
1.155707,0.511422,0.100000
1.149965,0.525972,0.200000
1.149965,0.525972,0.100000
1.144615,0.539553,0.200000
1.144615,0.539553,0.100000
1.137138,0.557999,0.200000
1.137138,0.557999,0.100000
1.131071,0.569072,0.200000
1.131071,0.569072,0.100000
1.126569,0.577167,0.200000
1.126569,0.577167,0.100000
1.121750,0.585842,0.200000
1.121750,0.585842,0.100000
1.118100,0.592348,0.200000
1.118100,0.592348,0.100000
1.113328,0.600878,0.200000
1.113328,0.600878,0.100000
1.109234,0.608172,0.200000
1.109234,0.608172,0.100000
1.105040,0.615634,0.200000
1.105040,0.615634,0.100000
1.101014,0.622790,0.200000
1.101014,0.622790,0.100000
1.096955,0.629927,0.200000
1.096955,0.629927,0.100000
1.092720,0.637366,0.200000
1.092720,0.637366,0.100000
1.088578,0.644633,0.200000
1.088578,0.644633,0.100000
1.083725,0.653117,0.200000
1.083725,0.653117,0.100000
1.080030,0.659598,0.200000
1.080030,0.659598,0.100000
1.075078,0.668197,0.200000
1.075078,0.668197,0.100000
1.070459,0.676226,0.200000
1.070459,0.676226,0.100000
1.064094,0.687131,0.200000
1.064094,0.687131,0.100000
1.050198,0.705227,0.200000
1.050198,0.705227,0.100000
1.039858,0.718382,0.200000
1.039858,0.718382,0.100000
1.028786,0.732487,0.200000
1.028786,0.732487,0.100000
1.020388,0.743020,0.200000
1.020388,0.743020,0.100000
1.009404,0.756861,0.200000
1.009404,0.756861,0.100000
0.999977,0.768675,0.200000
0.999977,0.768675,0.100000
0.990317,0.780757,0.200000
0.990317,0.780757,0.100000
0.981046,0.792340,0.200000
0.981046,0.792340,0.100000
0.971674,0.803841,0.200000
0.971674,0.803841,0.100000
0.961895,0.815828,0.200000
0.961895,0.815828,0.100000
0.952329,0.827530,0.200000
0.952329,0.827530,0.100000
0.941109,0.841180,0.200000
0.941109,0.841180,0.100000
0.932580,0.851606,0.200000
0.932580,0.851606,0.100000
0.921120,0.865398,0.200000
0.921120,0.865398,0.100000
0.910436,0.878275,0.200000
0.910436,0.878275,0.100000
0.895669,0.895669,0.200000
0.895669,0.895669,0.100000
0.878275,0.910436,0.200000
0.878275,0.910436,0.100000
0.865398,0.921120,0.200000
0.865398,0.921120,0.100000
0.851606,0.932580,0.200000
0.851606,0.932580,0.100000
0.841180,0.941109,0.200000
0.841180,0.941109,0.100000
0.827530,0.952329,0.200000
0.827530,0.952329,0.100000
0.815828,0.961895,0.200000
0.815828,0.961895,0.100000
0.803841,0.971674,0.200000
0.803841,0.971674,0.100000
0.792340,0.981046,0.200000
0.792340,0.981046,0.100000
0.780757,0.990317,0.200000
0.780757,0.990317,0.100000
0.768675,0.999977,0.200000
0.768675,0.999977,0.100000
0.756861,1.009404,0.200000
0.756861,1.009404,0.100000
0.743020,1.020388,0.200000
0.743020,1.020388,0.100000
0.732487,1.028786,0.200000
0.732487,1.028786,0.100000
0.718382,1.039858,0.200000
0.718382,1.039858,0.100000
0.705227,1.050198,0.200000
0.705227,1.050198,0.100000
0.687131,1.064094,0.200000
0.687131,1.064094,0.100000
0.676226,1.070459,0.200000
0.676226,1.070459,0.100000
0.668197,1.075078,0.200000
0.668197,1.075078,0.100000
0.659598,1.080030,0.200000
0.659598,1.080030,0.100000
0.653117,1.083725,0.200000
0.653117,1.083725,0.100000
0.644633,1.088578,0.200000
0.644633,1.088578,0.100000
0.637366,1.092720,0.200000
0.637366,1.092720,0.100000
0.629927,1.096955,0.200000
0.629927,1.096955,0.100000
0.622790,1.101014,0.200000
0.622790,1.101014,0.100000
0.615634,1.105040,0.200000
0.615634,1.105040,0.100000
0.608172,1.109234,0.200000
0.608172,1.109234,0.100000
0.600878,1.113328,0.200000
0.600878,1.113328,0.100000
0.592348,1.118100,0.200000
0.592348,1.118100,0.100000
0.585842,1.121750,0.200000
0.585842,1.121750,0.100000
0.577167,1.126569,0.200000
0.577167,1.126569,0.100000
0.569072,1.131071,0.200000
0.569072,1.131071,0.100000
0.557999,1.137138,0.200000
0.557999,1.137138,0.100000
0.539553,1.144615,0.200000
0.539553,1.144615,0.100000
0.525972,1.149965,0.200000
0.525972,1.149965,0.100000
0.511422,1.155707,0.200000
0.511422,1.155707,0.100000
0.500460,1.159949,0.200000
0.500460,1.159949,0.100000
0.486098,1.165540,0.200000
0.486098,1.165540,0.100000
0.473800,1.170294,0.200000
0.473800,1.170294,0.100000
0.461210,1.175149,0.200000
0.461210,1.175149,0.100000
0.449132,1.179800,0.200000
0.449132,1.179800,0.100000
0.437019,1.184358,0.200000
0.437019,1.184358,0.100000
0.424387,1.189105,0.200000
0.424387,1.189105,0.100000
0.412041,1.193732,0.200000
0.412041,1.193732,0.100000
0.397598,1.199107,0.200000
0.397598,1.199107,0.100000
0.386590,1.203229,0.200000
0.386590,1.203229,0.100000
0.371905,1.208616,0.200000
0.371905,1.208616,0.100000
0.358203,1.213652,0.200000
0.358203,1.213652,0.100000
0.339455,1.220334,0.200000
0.339455,1.220334,0.100000
0.297739,1.225393,0.200000
0.297739,1.225393,0.100000
0.267111,1.228456,0.200000
0.267111,1.228456,0.100000
0.234253,1.231789,0.200000
0.234253,1.231789,0.100000
0.209601,1.233932,0.200000
0.209601,1.233932,0.100000
0.177151,1.236902,0.200000
0.177151,1.236902,0.100000
0.149418,1.239301,0.200000
0.149418,1.239301,0.100000
0.121021,1.241704,0.200000
0.121021,1.241704,0.100000
0.093797,1.243980,0.200000
0.093797,1.243980,0.100000
0.066540,1.245812,0.200000
0.066540,1.245812,0.100000
0.038103,1.247694,0.200000
0.038103,1.247694,0.100000
0.010324,1.249481,0.200000
0.010324,1.249481,0.100000
-0.022204,1.251410,0.200000
-0.022204,1.251410,0.100000
-0.046899,1.252988,0.200000
-0.046899,1.252988,0.100000
-0.079885,1.254620,0.200000
-0.079885,1.254620,0.100000
-0.110627,1.256184,0.200000
-0.110627,1.256184,0.100000
-0.152629,1.257438,0.200000
-0.152629,1.257438,0.100000
-0.185271,1.249413,0.200000
-0.185271,1.249413,0.100000
-0.209093,1.243133,0.200000
-0.209093,1.243133,0.100000
-0.234645,1.236425,0.200000
-0.234645,1.236425,0.100000
-0.253757,1.231175,0.200000
-0.253757,1.231175,0.100000
-0.278898,1.224364,0.200000
-0.278898,1.224364,0.100000
-0.300367,1.218457,0.200000
-0.300367,1.218457,0.100000
-0.322334,1.212378,0.200000
-0.322334,1.212378,0.100000
-0.343392,1.206532,0.200000
-0.343392,1.206532,0.100000
-0.364373,1.200413,0.200000
-0.364373,1.200413,0.100000
-0.386249,1.194014,0.200000
-0.386249,1.194014,0.100000
-0.407611,1.187731,0.200000
-0.407611,1.187731,0.100000
-0.432571,1.180283,0.200000
-0.432571,1.180283,0.100000
-0.451583,1.174682,0.200000
-0.451583,1.174682,0.100000
-0.476837,1.166930,0.200000
-0.476837,1.166930,0.100000
-0.500397,1.159725,0.200000
-0.500397,1.159725,0.100000
-0.532372,1.149359,0.200000
-0.532372,1.149359,0.100000
-0.564157,1.129036,0.200000
-0.564157,1.129036,0.100000
-0.587164,1.113709,0.200000
-0.587164,1.113709,0.100000
-0.611861,1.097300,0.200000
-0.611861,1.097300,0.100000
-0.630219,1.084759,0.200000
-0.630219,1.084759,0.100000
-0.654435,1.068361,0.200000
-0.654435,1.068361,0.100000
-0.675065,1.054255,0.200000
-0.675065,1.054255,0.100000
-0.696161,1.039780,0.200000
-0.696161,1.039780,0.100000
-0.716374,1.025884,0.200000
-0.716374,1.025884,0.100000
-0.736381,1.011694,0.200000
-0.736381,1.011694,0.100000
-0.757237,0.996875,0.200000
-0.757237,0.996875,0.100000
-0.777585,0.982365,0.200000
-0.777585,0.982365,0.100000
-0.801320,0.965279,0.200000
-0.801320,0.965279,0.100000
-0.819417,0.952364,0.200000
-0.819417,0.952364,0.100000
-0.843328,0.934830,0.200000
-0.843328,0.934830,0.100000
-0.865641,0.918510,0.200000
-0.865641,0.918510,0.100000
-0.895669,0.895669,0.200000
-0.895669,0.895669,0.100000
-0.918510,0.865641,0.200000
-0.918510,0.865641,0.100000
-0.934830,0.843328,0.200000
-0.934830,0.843328,0.100000
-0.952364,0.819417,0.200000
-0.952364,0.819417,0.100000
-0.965279,0.801320,0.200000
-0.965279,0.801320,0.100000
-0.982365,0.777585,0.200000
-0.982365,0.777585,0.100000
-0.996875,0.757237,0.200000
-0.996875,0.757237,0.100000
-1.011694,0.736381,0.200000
-1.011694,0.736381,0.100000
-1.025884,0.716374,0.200000
-1.025884,0.716374,0.100000
-1.039780,0.696161,0.200000
-1.039780,0.696161,0.100000
-1.054255,0.675065,0.200000
-1.054255,0.675065,0.100000
-1.068361,0.654435,0.200000
-1.068361,0.654435,0.100000
-1.084759,0.630219,0.200000
-1.084759,0.630219,0.100000
-1.097300,0.611861,0.200000
-1.097300,0.611861,0.100000
-1.113709,0.587164,0.200000
-1.113709,0.587164,0.100000
-1.129036,0.564157,0.200000
-1.129036,0.564157,0.100000
-1.149359,0.532372,0.200000
-1.149359,0.532372,0.100000
-1.159725,0.500397,0.200000
-1.159725,0.500397,0.100000
-1.166930,0.476837,0.200000
-1.166930,0.476837,0.100000
-1.174682,0.451583,0.200000
-1.174682,0.451583,0.100000
-1.180283,0.432571,0.200000
-1.180283,0.432571,0.100000
-1.187731,0.407611,0.200000
-1.187731,0.407611,0.100000
-1.194014,0.386249,0.200000
-1.194014,0.386249,0.100000
-1.200413,0.364373,0.200000
-1.200413,0.364373,0.100000
-1.206532,0.343392,0.200000
-1.206532,0.343392,0.100000
-1.212378,0.322334,0.200000
-1.212378,0.322334,0.100000
-1.218457,0.300367,0.200000
-1.218457,0.300367,0.100000
-1.224364,0.278898,0.200000
-1.224364,0.278898,0.100000
-1.231175,0.253757,0.200000
-1.231175,0.253757,0.100000
-1.236425,0.234645,0.200000
-1.236425,0.234645,0.100000
-1.243133,0.209093,0.200000
-1.243133,0.209093,0.100000
-1.249413,0.185271,0.200000
-1.249413,0.185271,0.100000
-1.257438,0.152629,0.200000
-1.257438,0.152629,0.100000
-1.254484,0.102656,0.200000
-1.254484,0.102656,0.100000
-1.251403,0.066141,0.200000
-1.251403,0.066141,0.100000
-1.248163,0.026929,0.200000
-1.248163,0.026929,0.100000
-1.245231,-0.002357,0.200000
-1.245231,-0.002357,0.100000
-1.241580,-0.041037,0.200000
-1.241580,-0.041037,0.100000
-1.238265,-0.074031,0.200000
-1.238265,-0.074031,0.100000
-1.234795,-0.107812,0.200000
-1.234795,-0.107812,0.100000
-1.231429,-0.140178,0.200000
-1.231429,-0.140178,0.100000
-1.227434,-0.172473,0.200000
-1.227434,-0.172473,0.100000
-1.223223,-0.206169,0.200000
-1.223223,-0.206169,0.100000
-1.219038,-0.239065,0.200000
-1.219038,-0.239065,0.100000
-1.213902,-0.277575,0.200000
-1.213902,-0.277575,0.100000
-1.210176,-0.306771,0.200000
-1.210176,-0.306771,0.100000
-1.204520,-0.345708,0.200000
-1.204520,-0.345708,0.100000
-1.199316,-0.381982,0.200000
-1.199316,-0.381982,0.100000
-1.190962,-0.431340,0.200000
-1.190962,-0.431340,0.100000
-1.182475,-0.450267,0.200000
-1.182475,-0.450267,0.100000
-1.176108,-0.464083,0.200000
-1.176108,-0.464083,0.100000
-1.169295,-0.478892,0.200000
-1.169295,-0.478892,0.100000
-1.164098,-0.489984,0.200000
-1.164098,-0.489984,0.100000
-1.157315,-0.504542,0.200000
-1.157315,-0.504542,0.100000
-1.151482,-0.516983,0.200000
-1.151482,-0.516983,0.100000
-1.145500,-0.529710,0.200000
-1.145500,-0.529710,0.100000
-1.139757,-0.541914,0.200000
-1.139757,-0.541914,0.100000
-1.133917,-0.554072,0.200000
-1.133917,-0.554072,0.100000
-1.127822,-0.566745,0.200000
-1.127822,-0.566745,0.100000
-1.121855,-0.579123,0.200000
-1.121855,-0.579123,0.100000
-1.114845,-0.593574,0.200000
-1.114845,-0.593574,0.100000
-1.109523,-0.604606,0.200000
-1.109523,-0.604606,0.100000
-1.102337,-0.619238,0.200000
-1.102337,-0.619238,0.100000
