22.680277,18.864120,0.079600
22.298010,19.314470,0.079600
21.906708,19.757180,0.079600
23.329256,18.055355,0.079600
22.967961,18.512773,0.079600
21.409687,20.294711,0.079600
21.007993,20.710245,0.079600
20.608950,21.107373,0.079600
23.673731,17.601264,0.079600
20.097545,21.594876,0.079600
19.704959,21.953692,0.079600
24.553221,16.352044,0.079600
24.255699,16.790207,0.079600
19.186886,22.407887,0.079600
18.805569,22.728849,0.079600
25.068047,15.551302,0.079600
24.796682,15.980443,0.079600
18.278949,23.154482,0.079600
25.547274,14.750823,0.079600
17.665563,23.625789,0.079600
17.292105,23.900483,0.079600
26.018293,13.903181,0.079600
16.741200,24.289550,0.079600
26.436249,13.091017,0.079600
16.093148,24.723684,0.079600
26.850806,12.218191,0.079600
15.428390,25.143882,0.079600
15.051380,25.371361,0.079600
27.238181,11.328350,0.079600
27.065444,11.735066,0.079600
14.457660,25.714316,0.079600
27.574912,10.482092,0.079600
27.417514,10.887146,0.079600
13.754273,26.097317,0.079600
27.908586,9.558286,0.079600
27.765977,9.964964,0.079600
13.034176,26.464320,0.079600
12.641557,26.654100,0.079600
28.086076,9.023433,0.079600
12.185907,26.865474,0.079600
11.780481,27.045707,0.079600
28.397762,7.988561,0.079600
11.009115,27.368767,0.079600
28.657053,7.001667,0.079600
10.222258,27.672287,0.079600
28.884760,5.993381,0.079600
9.421100,27.955194,0.079600
8.983761,28.098791,0.079600
29.079427,4.963562,0.079600
8.470370,28.257792,0.079600
8.015228,28.390247,0.079600
29.186933,4.286366,0.079600
7.019818,28.652612,0.079600
29.334169,3.123547,0.079600
6.152129,28.851366,0.079600
29.429767,2.034403,0.079600
5.115641,29.053059,0.079600
29.488648,0.818310,0.079600
4.056997,29.219698,0.079600
29.496921,-0.426173,0.079600
2.978323,29.349269,0.079600
2.427580,29.399947,0.079600
29.451122,-1.697481,0.079600
29.477807,-1.144061,0.079600
1.882109,29.439899,0.079600
1.307378,29.471016,0.079600
29.347732,-2.993432,0.079600
29.400448,-2.421504,0.079600
0.172325,29.499497,0.079600
29.264522,-3.719914,0.079600
-0.974087,29.483913,0.079600
29.066968,-5.036007,0.079600
-2.128046,29.423144,0.079600
28.804974,-6.365805,0.079600
-3.285468,29.316475,0.079600
-3.955150,29.233658,0.079600
28.476107,-7.704630,0.079600
-4.688133,29.125099,0.079600
-5.386011,29.004153,0.079600
28.022888,-9.217796,0.079600
-6.568230,28.759492,0.079600
27.543034,-10.565571,0.079600
-7.737822,28.467106,0.079600
-8.481025,28.254596,0.079600
26.991549,-11.904045,0.079600
-9.172667,28.037692,0.079600
-9.940114,27.774883,0.079600
26.270574,-13.420393,0.079600
-11.091349,27.335544,0.079600
25.562578,-14.724287,0.079600
-12.518502,26.712116,0.079600
-13.324137,26.319524,0.079600
24.148009,-16.944724,0.079600
24.651957,-16.202809,0.079600
-13.923184,26.007594,0.079600
-14.741978,25.552379,0.079600
23.061135,-18.396577,0.079600
23.637078,-17.650454,0.079600
-16.123221,24.704084,0.079600
21.868629,-19.799320,0.079600
22.519809,-19.055398,0.079600
-17.124938,24.020543,0.079600
-17.950131,23.410314,0.079600
20.800280,-20.918851,0.079600
-19.224011,22.376045,0.079600
-20.042448,21.646022,0.079600
18.604437,-22.893775,0.079600
19.442022,-22.186883,0.079600
-21.233990,20.478468,0.079600
17.083804,-24.049815,0.079600
18.000367,-23.371709,0.079600
-22.345637,19.259348,0.079600
-23.113333,18.330953,0.079600
15.493605,-25.103749,0.079600
-24.105160,17.005624,0.079600
-24.817996,15.947322,0.079600
12.723694,-26.614988,0.079600
13.848064,-26.047670,0.079600
-25.668835,14.538257,0.079600
-26.304657,13.353466,0.079600
9.721454,-27.852169,0.079600
10.973011,-27.383262,0.079600
-26.998166,11.889029,0.079600
-27.534653,10.587392,0.079600
6.534531,-28.767167,0.079600
7.900981,-28.422254,0.079600
-28.061334,9.100083,0.079600
-28.478017,7.697567,0.079600
-28.834549,6.230473,0.079600
3.225862,-29.323094,0.079600
4.686751,-29.125322,0.079600
-28.977442,5.527919,0.079600
-29.226075,4.010800,0.079600
-29.399095,2.437868,0.079600
-2.311283,-29.409318,0.079600
-0.715192,-29.491329,0.079600
0.837687,-29.488104,0.079600
-29.482784,1.007702,0.079600
-29.493848,-0.602429,0.079600
-29.413985,-2.251111,0.079600
-29.236769,-3.932090,0.079600
-7.308142,-28.580431,0.079600
-5.676351,-28.948731,0.079600
-4.066025,-29.218444,0.079600
-29.039376,-5.192749,0.079600
-28.694067,-6.848393,0.079600
-28.245552,-8.511098,0.079600
-27.691008,-10.171434,0.079600
-27.028807,-11.819205,0.079600
-26.258687,-13.443637,0.079600
-16.684567,-24.328486,0.079600
-15.175776,-25.297151,0.079600
-13.631097,-26.161865,0.079600
-12.061169,-26.921705,0.079600
-10.476195,-27.577152,0.079600
-8.885746,-28.129940,0.079600
-25.340700,-15.102945,0.079600
-24.389473,-16.595289,0.079600
-23.345521,-18.034319,0.079600
-22.214178,-19.410829,0.079600
-21.001987,-20.716335,0.079600
-19.716544,-21.943288,0.079600
-18.366303,-23.085253,0.079600
0.190294,-29.499386,0.079600
0.114176,-29.423537,0.079600
0.076117,-29.397414,0.079600
0.038058,-29.383709,0.079600
-0.000000,-29.379386,0.079600
-0.038058,-29.383709,0.079600
-0.076117,-29.397414,0.079600
-0.114176,-29.423537,0.079600
-0.190294,-29.499386,0.079600
-0.946479,-29.484813,0.079600
0.586850,-29.494162,0.079600
-0.586850,-29.494162,0.079600
0.346942,-29.497960,0.079600
-0.346942,-29.497960,0.079600
22.680277,18.864120,0.000000
22.298010,19.314470,0.000000
21.906708,19.757180,0.000000
23.329256,18.055355,0.000000
22.967961,18.512773,0.000000
21.409687,20.294711,0.000000
21.007993,20.710245,0.000000
20.608950,21.107373,0.000000
23.673731,17.601264,0.000000
20.097545,21.594876,0.000000
19.704959,21.953692,0.000000
24.553221,16.352044,0.000000
24.255699,16.790207,0.000000
19.186886,22.407887,0.000000
18.805569,22.728849,0.000000
25.068047,15.551302,0.000000
24.796682,15.980443,0.000000
18.278949,23.154482,0.000000
25.547274,14.750823,0.000000
17.665563,23.625789,0.000000
17.292105,23.900483,0.000000
26.018293,13.903181,0.000000
16.741200,24.289550,0.000000
26.436249,13.091017,0.000000
16.093148,24.723684,0.000000
26.850806,12.218191,0.000000
15.428390,25.143882,0.000000
15.051380,25.371361,0.000000
27.238181,11.328350,0.000000
27.065444,11.735066,0.000000
14.457660,25.714316,0.000000
27.574912,10.482092,0.000000
27.417514,10.887146,0.000000
13.754273,26.097317,0.000000
27.908586,9.558286,0.000000
27.765977,9.964964,0.000000
13.034176,26.464320,0.000000
12.641557,26.654100,0.000000
28.086076,9.023433,0.000000
12.185907,26.865474,0.000000
11.780481,27.045707,0.000000
28.397762,7.988561,0.000000
11.009115,27.368767,0.000000
28.657053,7.001667,0.000000
10.222258,27.672287,0.000000
28.884760,5.993381,0.000000
9.421100,27.955194,0.000000
8.983761,28.098791,0.000000
29.079427,4.963562,0.000000
8.470370,28.257792,0.000000
8.015228,28.390247,0.000000
29.186933,4.286366,0.000000
7.019818,28.652612,0.000000
29.334169,3.123547,0.000000
6.152129,28.851366,0.000000
29.429767,2.034403,0.000000
5.115641,29.053059,0.000000
29.488648,0.818310,0.000000
4.056997,29.219698,0.000000
29.496921,-0.426173,0.000000
2.978323,29.349269,0.000000
2.427580,29.399947,0.000000
29.451122,-1.697481,0.000000
29.477807,-1.144061,0.000000
1.882109,29.439899,0.000000
1.307378,29.471016,0.000000
29.347732,-2.993432,0.000000
29.400448,-2.421504,0.000000
0.172325,29.499497,0.000000
29.264522,-3.719914,0.000000
-0.974087,29.483913,0.000000
29.066968,-5.036007,0.000000
-2.128046,29.423144,0.000000
28.804974,-6.365805,0.000000
-3.285468,29.316475,0.000000
-3.955150,29.233658,0.000000
28.476107,-7.704630,0.000000
-4.688133,29.125099,0.000000
-5.386011,29.004153,0.000000
28.022888,-9.217796,0.000000
-6.568230,28.759492,0.000000
27.543034,-10.565571,0.000000
-7.737822,28.467106,0.000000
-8.481025,28.254596,0.000000
26.991549,-11.904045,0.000000
-9.172667,28.037692,0.000000
-9.940114,27.774883,0.000000
26.270574,-13.420393,0.000000
-11.091349,27.335544,0.000000
25.562578,-14.724287,0.000000
-12.518502,26.712116,0.000000
-13.324137,26.319524,0.000000
24.148009,-16.944724,0.000000
24.651957,-16.202809,0.000000
-13.923184,26.007594,0.000000
-14.741978,25.552379,0.000000
23.061135,-18.396577,0.000000
23.637078,-17.650454,0.000000
-16.123221,24.704084,0.000000
21.868629,-19.799320,0.000000
22.519809,-19.055398,0.000000
-17.124938,24.020543,0.000000
-17.950131,23.410314,0.000000
20.800280,-20.918851,0.000000
-19.224011,22.376045,0.000000
-20.042448,21.646022,0.000000
18.604437,-22.893775,0.000000
19.442022,-22.186883,0.000000
-21.233990,20.478468,0.000000
17.083804,-24.049815,0.000000
18.000367,-23.371709,0.000000
-22.345637,19.259348,0.000000
-23.113333,18.330953,0.000000
15.493605,-25.103749,0.000000
-24.105160,17.005624,0.000000
-24.817996,15.947322,0.000000
12.723694,-26.614988,0.000000
13.848064,-26.047670,0.000000
-25.668835,14.538257,0.000000
-26.304657,13.353466,0.000000
9.721454,-27.852169,0.000000
10.973011,-27.383262,0.000000
-26.998166,11.889029,0.000000
-27.534653,10.587392,0.000000
6.534531,-28.767167,0.000000
7.900981,-28.422254,0.000000
-28.061334,9.100083,0.000000
-28.478017,7.697567,0.000000
-28.834549,6.230473,0.000000
3.225862,-29.323094,0.000000
4.686751,-29.125322,0.000000
-28.977442,5.527919,0.000000
-29.226075,4.010800,0.000000
-29.399095,2.437868,0.000000
-2.311283,-29.409318,0.000000
-0.715192,-29.491329,0.000000
0.837687,-29.488104,0.000000
-29.482784,1.007702,0.000000
-29.493848,-0.602429,0.000000
-29.413985,-2.251111,0.000000
-29.236769,-3.932090,0.000000
-7.308142,-28.580431,0.000000
-5.676351,-28.948731,0.000000
-4.066025,-29.218444,0.000000
-29.039376,-5.192749,0.000000
-28.694067,-6.848393,0.000000
-28.245552,-8.511098,0.000000
-27.691008,-10.171434,0.000000
-27.028807,-11.819205,0.000000
-26.258687,-13.443637,0.000000
-16.684567,-24.328486,0.000000
-15.175776,-25.297151,0.000000
-13.631097,-26.161865,0.000000
-12.061169,-26.921705,0.000000
-10.476195,-27.577152,0.000000
-8.885746,-28.129940,0.000000
-25.340700,-15.102945,0.000000
-24.389473,-16.595289,0.000000
-23.345521,-18.034319,0.000000
-22.214178,-19.410829,0.000000
-21.001987,-20.716335,0.000000
-19.716544,-21.943288,0.000000
-18.366303,-23.085253,0.000000
0.190294,-29.499386,0.000000
0.114176,-29.423537,0.000000
0.076117,-29.397414,0.000000
0.038058,-29.383709,0.000000
-0.000000,-29.379386,0.000000
-0.038058,-29.383709,0.000000
-0.076117,-29.397414,0.000000
-0.114176,-29.423537,0.000000
-0.190294,-29.499386,0.000000
-0.946479,-29.484813,0.000000
0.586850,-29.494162,0.000000
-0.586850,-29.494162,0.000000
0.346942,-29.497960,0.000000
-0.346942,-29.497960,0.000000
-29.478388,-1.427955,0.073200
-29.478388,-1.427955,0.006700
-29.438413,-2.252980,0.073200
-29.438413,-2.252980,0.006700
-29.349742,-3.094169,0.073200
-29.349742,-3.094169,0.006700
-29.261051,-3.935355,0.073200
-29.261051,-3.935355,0.006700
-29.162278,-4.566210,0.073200
-29.162278,-4.566210,0.006700
-29.063493,-5.197062,0.073200
-29.063493,-5.197062,0.006700
-28.890706,-6.025574,0.073200
-28.890706,-6.025574,0.006700
-28.717898,-6.854081,0.073200
-28.717898,-6.854081,0.006700
-28.493464,-7.686126,0.073200
-28.493464,-7.686126,0.006700
-28.269010,-8.518166,0.073200
-28.269010,-8.518166,0.006700
-27.991518,-9.349027,0.073200
-27.991518,-9.349027,0.006700
-27.714006,-10.179882,0.073200
-27.714006,-10.179882,0.006700
-27.382640,-11.004456,0.073200
-27.382640,-11.004456,0.006700
-27.051254,-11.829021,0.073200
-27.051254,-11.829021,0.006700
-26.665885,-12.641916,0.073200
-26.665885,-12.641916,0.006700
-26.280495,-13.454802,0.073200
-26.280495,-13.454802,0.006700
-25.821131,-14.285151,0.073200
-25.821131,-14.285151,0.006700
-25.361745,-15.115488,0.073200
-25.361745,-15.115488,0.006700
-24.885746,-15.862286,0.073200
-24.885746,-15.862286,0.006700
-24.409729,-16.609071,0.073200
-24.409729,-16.609071,0.006700
-23.887328,-17.329190,0.073200
-23.887328,-17.329190,0.006700
-23.364910,-18.049296,0.073200
-23.364910,-18.049296,0.006700
-22.798777,-18.738130,0.073200
-22.798777,-18.738130,0.006700
-22.232627,-19.426950,0.073200
-22.232627,-19.426950,0.006700
-21.626036,-20.080253,0.073200
-21.626036,-20.080253,0.006700
-21.019429,-20.733540,0.073200
-21.019429,-20.733540,0.006700
-20.376182,-21.347534,0.073200
-20.376182,-21.347534,0.006700
-19.732918,-21.961513,0.073200
-19.732918,-21.961513,0.006700
-19.057244,-22.532978,0.073200
-19.057244,-22.532978,0.006700
-18.381556,-23.104426,0.073200
-18.381556,-23.104426,0.006700
-17.539999,-23.726571,0.073200
-17.539999,-23.726571,0.006700
-16.698424,-24.348691,0.073200
-16.698424,-24.348691,0.006700
-15.943408,-24.833435,0.073200
-15.943408,-24.833435,0.006700
-15.188379,-25.318160,0.073200
-15.188379,-25.318160,0.006700
-14.415404,-25.750886,0.073200
-14.415404,-25.750886,0.006700
-13.642418,-26.183593,0.073200
-13.642418,-26.183593,0.006700
-12.856807,-26.563838,0.073200
-12.856807,-26.563838,0.006700
-12.071186,-26.944064,0.073200
-12.071186,-26.944064,0.006700
-11.278045,-27.272069,0.073200
-11.278045,-27.272069,0.006700
-10.484896,-27.600055,0.073200
-10.484896,-27.600055,0.006700
-9.689014,-27.876688,0.073200
-9.689014,-27.876688,0.006700
-8.893126,-28.153302,0.073200
-8.893126,-28.153302,0.006700
-8.103671,-28.378744,0.073200
-8.103671,-28.378744,0.006700
-7.314211,-28.604168,0.073200
-7.314211,-28.604168,0.006700
-6.497641,-28.788480,0.073200
-6.497641,-28.788480,0.006700
-5.681065,-28.972773,0.073200
-5.681065,-28.972773,0.006700
-4.875235,-29.107751,0.073200
-4.875235,-29.107751,0.006700
-4.069402,-29.242710,0.073200
-4.069402,-29.242710,0.006700
-3.191303,-29.338237,0.073200
-3.191303,-29.338237,0.006700
-2.313203,-29.433742,0.073200
-2.313203,-29.433742,0.006700
-1.630234,-29.471528,0.073200
-1.630234,-29.471528,0.006700
-0.947265,-29.509300,0.073200
-0.947265,-29.509300,0.006700
-0.831526,-29.512561,0.073200
-0.831526,-29.512561,0.006700
-0.715786,-29.515822,0.073200
-0.715786,-29.515822,0.006700
-0.651562,-29.517240,0.073200
-0.651562,-29.517240,0.006700
-0.587338,-29.518657,0.073200
-0.587338,-29.518657,0.006700
-0.467284,-29.520558,0.073200
-0.467284,-29.520558,0.006700
-0.347230,-29.522458,0.073200
-0.347230,-29.522458,0.006700
-0.268841,-29.523172,0.073200
-0.268841,-29.523172,0.006700
-0.190452,-29.523886,0.073200
-0.190452,-29.523886,0.006700
-0.134942,-29.478817,0.073200
-0.134942,-29.478817,0.006700
-0.114271,-29.448037,0.073200
-0.114271,-29.448037,0.006700
-0.081281,-29.430675,0.073200
-0.081281,-29.430675,0.006700
-0.076180,-29.421914,0.073200
-0.076180,-29.421914,0.006700
-0.048787,-29.413612,0.073200
-0.048787,-29.413612,0.006700
-0.038090,-29.408209,0.073200
-0.038090,-29.408209,0.006700
-0.016264,-29.405891,0.073200
-0.016264,-29.405891,0.006700
-0.000000,-29.403886,0.073200
-0.000000,-29.403886,0.006700
0.016264,-29.405891,0.073200
0.016264,-29.405891,0.006700
0.038090,-29.408209,0.073200
0.038090,-29.408209,0.006700
0.048787,-29.413612,0.073200
0.048787,-29.413612,0.006700
0.076180,-29.421914,0.073200
0.076180,-29.421914,0.006700
0.081281,-29.430675,0.073200
0.081281,-29.430675,0.006700
0.114271,-29.448037,0.073200
0.114271,-29.448037,0.006700
0.134942,-29.478817,0.073200
0.134942,-29.478817,0.006700
0.190452,-29.523886,0.073200
0.190452,-29.523886,0.006700
0.268841,-29.523172,0.073200
0.268841,-29.523172,0.006700
0.347230,-29.522458,0.073200
0.347230,-29.522458,0.006700
0.467284,-29.520558,0.073200
0.467284,-29.520558,0.006700
0.587338,-29.518657,0.073200
0.587338,-29.518657,0.006700
0.712860,-29.515626,0.073200
0.712860,-29.515626,0.006700
0.838383,-29.512594,0.073200
0.838383,-29.512594,0.006700
2.033463,-29.430041,0.073200
2.033463,-29.430041,0.006700
3.228541,-29.347447,0.073200
3.228541,-29.347447,0.006700
3.959593,-29.248486,0.073200
3.959593,-29.248486,0.006700
4.690643,-29.149511,0.073200
4.690643,-29.149511,0.006700
5.615303,-28.970297,0.073200
5.615303,-28.970297,0.006700
6.539958,-28.791058,0.073200
6.539958,-28.791058,0.006700
7.223752,-28.618465,0.073200
7.223752,-28.618465,0.006700
7.907543,-28.445858,0.073200
7.907543,-28.445858,0.006700
8.818539,-28.160592,0.073200
8.818539,-28.160592,0.006700
9.729528,-27.875301,0.073200
9.729528,-27.875301,0.006700
10.355828,-27.640658,0.073200
10.355828,-27.640658,0.006700
10.982124,-27.406004,0.073200
10.982124,-27.406004,0.006700
11.858198,-27.021560,0.073200
11.858198,-27.021560,0.006700
12.734262,-26.637092,0.073200
12.734262,-26.637092,0.006700
13.296916,-26.353203,0.073200
13.296916,-26.353203,0.006700
13.859565,-26.069303,0.073200
13.859565,-26.069303,0.006700
14.683025,-25.596961,0.073200
14.683025,-25.596961,0.006700
15.506473,-25.124597,0.073200
15.506473,-25.124597,0.006700
16.302240,-24.597204,0.073200
16.302240,-24.597204,0.006700
17.097993,-24.069789,0.073200
17.097993,-24.069789,0.006700
17.556657,-23.730458,0.073200
17.556657,-23.730458,0.006700
18.015317,-23.391119,0.073200
18.015317,-23.391119,0.006700
18.317603,-23.151956,0.073200
18.317603,-23.151956,0.006700
18.619888,-22.912789,0.073200
18.619888,-22.912789,0.006700
19.039031,-22.559052,0.073200
19.039031,-22.559052,0.006700
19.458169,-22.205309,0.073200
19.458169,-22.205309,0.006700
20.137870,-21.570776,0.073200
20.137870,-21.570776,0.006700
20.817555,-20.936225,0.073200
20.817555,-20.936225,0.006700
21.352179,-20.376000,0.073200
21.352179,-20.376000,0.006700
21.886791,-19.815764,0.073200
21.886791,-19.815764,0.006700
22.212654,-19.443496,0.073200
22.212654,-19.443496,0.006700
22.538512,-19.071224,0.073200
22.538512,-19.071224,0.006700
22.809402,-18.741541,0.073200
22.809402,-18.741541,0.006700
23.080288,-18.411856,0.073200
23.080288,-18.411856,0.006700
23.368501,-18.038486,0.073200
23.368501,-18.038486,0.006700
23.656709,-17.665113,0.073200
23.656709,-17.665113,0.006700
23.912389,-17.311957,0.073200
23.912389,-17.311957,0.006700
24.168064,-16.958797,0.073200
24.168064,-16.958797,0.006700
24.420249,-16.587533,0.073200
24.420249,-16.587533,0.006700
24.672430,-16.216266,0.073200
24.672430,-16.216266,0.006700
25.128128,-15.476396,0.073200
25.128128,-15.476396,0.006700
25.583807,-14.736516,0.073200
25.583807,-14.736516,0.006700
25.938107,-14.084031,0.073200
25.938107,-14.084031,0.006700
26.292392,-13.431538,0.073200
26.292392,-13.431538,0.006700
26.653188,-12.672739,0.073200
26.653188,-12.672739,0.006700
27.013965,-11.913932,0.073200
27.013965,-11.913932,0.006700
27.289944,-11.244142,0.073200
27.289944,-11.244142,0.006700
27.565908,-10.574346,0.073200
27.565908,-10.574346,0.006700
27.806041,-9.899901,0.073200
27.806041,-9.899901,0.006700
28.046161,-9.225451,0.073200
28.046161,-9.225451,0.006700
28.272967,-8.468243,0.073200
28.272967,-8.468243,0.006700
28.499757,-7.711029,0.073200
28.499757,-7.711029,0.006700
28.664333,-7.041062,0.073200
28.664333,-7.041062,0.006700
28.828897,-6.371091,0.073200
28.828897,-6.371091,0.006700
28.960009,-5.705642,0.073200
28.960009,-5.705642,0.006700
29.091108,-5.040189,0.073200
29.091108,-5.040189,0.006700
29.189974,-4.381597,0.073200
29.189974,-4.381597,0.006700
29.288826,-3.723003,0.073200
29.288826,-3.723003,0.006700
29.330468,-3.359461,0.073200
29.330468,-3.359461,0.006700
29.372105,-2.995919,0.073200
29.372105,-2.995919,0.006700
29.398486,-2.709717,0.073200
29.398486,-2.709717,0.006700
29.424865,-2.423515,0.073200
29.424865,-2.423515,0.006700
29.450225,-2.061203,0.073200
29.450225,-2.061203,0.006700
29.475581,-1.698891,0.073200
29.475581,-1.698891,0.006700
29.488936,-1.421951,0.073200
29.488936,-1.421951,0.006700
29.502289,-1.145012,0.073200
29.502289,-1.145012,0.006700
29.511856,-0.785770,0.073200
29.511856,-0.785770,0.006700
29.521419,-0.426527,0.073200
29.521419,-0.426527,0.006700
29.517284,0.196231,0.073200
29.517284,0.196231,0.006700
29.513139,0.818989,0.073200
29.513139,0.818989,0.006700
29.483679,1.427541,0.073200
29.483679,1.427541,0.006700
29.454209,2.036093,0.073200
29.454209,2.036093,0.006700
29.406374,2.581117,0.073200
29.406374,2.581117,0.006700
29.358531,3.126141,0.073200
29.358531,3.126141,0.006700
29.284857,3.708034,0.073200
29.284857,3.708034,0.006700
29.211173,4.289926,0.073200
29.211173,4.289926,0.006700
29.157377,4.628805,0.073200
29.157377,4.628805,0.006700
29.103577,4.967684,0.073200
29.103577,4.967684,0.006700
29.006167,5.483022,0.073200
29.006167,5.483022,0.006700
28.908750,5.998358,0.073200
28.908750,5.998358,0.006700
28.794805,6.502921,0.073200
28.794805,6.502921,0.006700
28.680853,7.007482,0.073200
28.680853,7.007482,0.006700
28.551103,7.501340,0.073200
28.551103,7.501340,0.006700
28.421347,7.995196,0.073200
28.421347,7.995196,0.006700
28.265378,8.513062,0.073200
28.265378,8.513062,0.006700
28.109402,9.030927,0.073200
28.109402,9.030927,0.006700
28.020584,9.298576,0.073200
28.020584,9.298576,0.006700
27.931764,9.566225,0.073200
27.931764,9.566225,0.006700
27.860401,9.769733,0.073200
27.860401,9.769733,0.006700
27.789037,9.973240,0.073200
27.789037,9.973240,0.006700
27.693426,10.232019,0.073200
27.693426,10.232019,0.006700
27.597813,10.490797,0.073200
27.597813,10.490797,0.006700
27.519049,10.693493,0.073200
27.519049,10.693493,0.006700
27.440284,10.896188,0.073200
27.440284,10.896188,0.006700
27.350544,11.116973,0.073200
27.350544,11.116973,0.006700
27.260802,11.337758,0.073200
27.260802,11.337758,0.006700
27.174363,11.541285,0.073200
27.174363,11.541285,0.006700
27.087922,11.744812,0.073200
27.087922,11.744812,0.006700
26.980515,11.986575,0.073200
26.980515,11.986575,0.006700
26.873106,12.228338,0.073200
26.873106,12.228338,0.006700
26.665658,12.665115,0.073200
26.665658,12.665115,0.006700
26.458205,13.101889,0.073200
26.458205,13.101889,0.006700
26.249056,13.508310,0.073200
26.249056,13.508310,0.006700
26.039901,13.914728,0.073200
26.039901,13.914728,0.006700
25.804199,14.338902,0.073200
25.804199,14.338902,0.006700
25.568492,14.763074,0.073200
25.568492,14.763074,0.006700
25.328682,15.163647,0.073200
25.328682,15.163647,0.006700
25.088867,15.564218,0.073200
25.088867,15.564218,0.006700
24.953072,15.778967,0.073200
24.953072,15.778967,0.006700
24.817276,15.993715,0.073200
24.817276,15.993715,0.006700
24.695445,16.179670,0.073200
24.695445,16.179670,0.006700
24.573612,16.365625,0.073200
24.573612,16.365625,0.006700
24.424729,16.584889,0.073200
24.424729,16.584889,0.006700
24.275844,16.804151,0.073200
24.275844,16.804151,0.006700
23.984621,17.210018,0.073200
23.984621,17.210018,0.006700
23.693392,17.615882,0.073200
23.693392,17.615882,0.006700
23.521012,17.843116,0.073200
23.521012,17.843116,0.006700
23.348631,18.070350,0.073200
23.348631,18.070350,0.006700
23.167835,18.299250,0.073200
23.167835,18.299250,0.006700
22.987036,18.528148,0.073200
22.987036,18.528148,0.006700
22.843075,18.703968,0.073200
22.843075,18.703968,0.006700
22.699113,18.879787,0.073200
22.699113,18.879787,0.006700
22.507822,19.105150,0.073200
22.507822,19.105150,0.006700
22.316528,19.330511,0.073200
22.316528,19.330511,0.006700
22.120716,19.552050,0.073200
22.120716,19.552050,0.006700
21.924902,19.773588,0.073200
21.924902,19.773588,0.006700
21.676186,20.042578,0.073200
21.676186,20.042578,0.006700
21.427468,20.311566,0.073200
21.427468,20.311566,0.006700
21.226455,20.519506,0.073200
21.226455,20.519506,0.006700
21.025440,20.727445,0.073200
21.025440,20.727445,0.006700
20.825754,20.926175,0.073200
20.825754,20.926175,0.006700
20.626066,21.124903,0.073200
20.626066,21.124903,0.006700
20.370152,21.368858,0.073200
20.370152,21.368858,0.006700
20.114236,21.612811,0.073200
20.114236,21.612811,0.006700
19.917781,21.792369,0.073200
19.917781,21.792369,0.006700
19.721324,21.971925,0.073200
19.721324,21.971925,0.006700
19.462074,22.199212,0.073200
19.462074,22.199212,0.006700
19.202821,22.426497,0.073200
19.202821,22.426497,0.006700
19.012005,22.587112,0.073200
19.012005,22.587112,0.006700
18.821188,22.747725,0.073200
18.821188,22.747725,0.006700
18.557660,22.960720,0.073200
18.557660,22.960720,0.006700
18.294130,23.173712,0.073200
18.294130,23.173712,0.006700
17.987183,23.409563,0.073200
17.987183,23.409563,0.006700
17.680234,23.645410,0.073200
17.680234,23.645410,0.006700
17.493351,23.782872,0.073200
17.493351,23.782872,0.006700
17.306466,23.920333,0.073200
17.306466,23.920333,0.006700
17.030786,24.115029,0.073200
17.030786,24.115029,0.006700
16.755104,24.309722,0.073200
16.755104,24.309722,0.006700
16.430810,24.526972,0.073200
16.430810,24.526972,0.006700
16.106514,24.744218,0.073200
16.106514,24.744218,0.006700
15.773860,24.954493,0.073200
15.773860,24.954493,0.006700
15.441203,25.164764,0.073200
15.441203,25.164764,0.006700
15.252542,25.278599,0.073200
15.252542,25.278599,0.006700
15.063880,25.392432,0.073200
15.063880,25.392432,0.006700
14.766774,25.564054,0.073200
14.766774,25.564054,0.006700
14.469667,25.735672,0.073200
14.469667,25.735672,0.006700
14.117683,25.927334,0.073200
14.117683,25.927334,0.006700
13.765696,26.118991,0.073200
13.765696,26.118991,0.006700
13.405350,26.302647,0.073200
13.405350,26.302647,0.006700
13.045001,26.486299,0.073200
13.045001,26.486299,0.006700
12.848529,26.581268,0.073200
12.848529,26.581268,0.006700
12.652056,26.676236,0.073200
12.652056,26.676236,0.006700
12.424042,26.782012,0.073200
12.424042,26.782012,0.006700
12.196028,26.887786,0.073200
12.196028,26.887786,0.006700
11.993147,26.977978,0.073200
11.993147,26.977978,0.006700
11.790265,27.068169,0.073200
11.790265,27.068169,0.006700
11.404263,27.229835,0.073200
11.404263,27.229835,0.006700
11.018258,27.391497,0.073200
11.018258,27.391497,0.006700
10.624504,27.543385,0.073200
10.624504,27.543385,0.006700
10.230748,27.695269,0.073200
10.230748,27.695269,0.006700
9.829837,27.836842,0.073200
9.829837,27.836842,0.006700
9.428925,27.978411,0.073200
9.428925,27.978411,0.006700
9.210073,28.050270,0.073200
9.210073,28.050270,0.006700
8.991222,28.122127,0.073200
8.991222,28.122127,0.006700
8.734314,28.201695,0.073200
8.734314,28.201695,0.006700
8.477405,28.281261,0.073200
8.477405,28.281261,0.006700
8.249645,28.347544,0.073200
8.249645,28.347544,0.006700
8.021885,28.413825,0.073200
8.021885,28.413825,0.006700
7.523768,28.545120,0.073200
7.523768,28.545120,0.006700
7.025648,28.676408,0.073200
7.025648,28.676408,0.006700
6.591444,28.775870,0.073200
6.591444,28.775870,0.006700
6.157239,28.875327,0.073200
6.157239,28.875327,0.006700
5.638565,28.976261,0.073200
5.638565,28.976261,0.006700
5.119890,29.077187,0.073200
5.119890,29.077187,0.006700
4.590129,29.160581,0.073200
4.590129,29.160581,0.006700
4.060366,29.243966,0.073200
4.060366,29.243966,0.006700
3.520582,29.308809,0.073200
3.520582,29.308809,0.006700
2.980797,29.373644,0.073200
2.980797,29.373644,0.006700
2.705196,29.399005,0.073200
2.705196,29.399005,0.006700
2.429596,29.424363,0.073200
2.429596,29.424363,0.006700
2.156634,29.444357,0.073200
2.156634,29.444357,0.006700
1.883672,29.464349,0.073200
1.883672,29.464349,0.006700
1.596068,29.479922,0.073200
1.596068,29.479922,0.006700
1.308464,29.495492,0.073200
1.308464,29.495492,0.006700
0.740466,29.509748,0.073200
0.740466,29.509748,0.006700
0.172469,29.523996,0.073200
0.172469,29.523996,0.006700
-0.401214,29.516203,0.073200
-0.401214,29.516203,0.006700
-0.974896,29.508400,0.073200
-0.974896,29.508400,0.006700
-1.552355,29.477995,0.073200
-1.552355,29.477995,0.006700
-2.129813,29.447580,0.073200
-2.129813,29.447580,0.006700
-2.709005,29.394206,0.073200
-2.709005,29.394206,0.006700
-3.288197,29.340822,0.073200
-3.288197,29.340822,0.006700
-3.623316,29.299381,0.073200
-3.623316,29.299381,0.006700
-3.958435,29.257937,0.073200
-3.958435,29.257937,0.006700
-4.325231,29.203615,0.073200
-4.325231,29.203615,0.006700
-4.692026,29.149288,0.073200
-4.692026,29.149288,0.006700
-5.041256,29.088766,0.073200
-5.041256,29.088766,0.006700
-5.390484,29.028241,0.073200
-5.390484,29.028241,0.006700
-5.982086,28.905814,0.073200
-5.982086,28.905814,0.006700
-6.573685,28.783377,0.073200
-6.573685,28.783377,0.006700
-7.158968,28.637067,0.073200
-7.158968,28.637067,0.006700
-7.744249,28.490748,0.073200
-7.744249,28.490748,0.006700
-8.116159,28.384407,0.073200
-8.116159,28.384407,0.006700
-8.488068,28.278062,0.073200
-8.488068,28.278062,0.006700
-8.834177,28.169522,0.073200
-8.834177,28.169522,0.006700
-9.180285,28.060978,0.073200
-9.180285,28.060978,0.006700
-9.564328,27.929466,0.073200
-9.564328,27.929466,0.006700
-9.948369,27.797951,0.073200
-9.948369,27.797951,0.006700
-10.524466,27.578104,0.073200
-10.524466,27.578104,0.006700
-11.100560,27.358247,0.073200
-11.100560,27.358247,0.006700
-11.814733,27.046281,0.073200
-11.814733,27.046281,0.006700
-12.528898,26.734300,0.073200
-12.528898,26.734300,0.006700
-12.932052,26.537844,0.073200
-12.932052,26.537844,0.006700
-13.335203,26.341383,0.073200
-13.335203,26.341383,0.006700
-13.634976,26.185290,0.073200
-13.634976,26.185290,0.006700
-13.934747,26.029193,0.073200
-13.934747,26.029193,0.006700
-14.344486,25.801400,0.073200
-14.344486,25.801400,0.006700
-14.754221,25.573601,0.073200
-14.754221,25.573601,0.006700
-15.445421,25.149109,0.073200
-15.445421,25.149109,0.006700
-16.136611,24.724601,0.073200
-16.136611,24.724601,0.006700
-16.637889,24.382551,0.073200
-16.637889,24.382551,0.006700
-17.139161,24.040492,0.073200
-17.139161,24.040492,0.006700
-17.552102,23.735127,0.073200
-17.552102,23.735127,0.006700
-17.965039,23.429756,0.073200
-17.965039,23.429756,0.006700
-18.602514,22.912200,0.073200
-18.602514,22.912200,0.006700
-19.239977,22.394629,0.073200
-19.239977,22.394629,0.006700
-19.649538,22.029317,0.073200
-19.649538,22.029317,0.006700
-20.059093,21.663999,0.073200
-20.059093,21.663999,0.006700
-20.655366,21.079744,0.073200
-20.655366,21.079744,0.006700
-21.251625,20.495476,0.073200
-21.251625,20.495476,0.006700
-21.807918,19.885416,0.073200
-21.807918,19.885416,0.006700
-22.364196,19.275343,0.073200
-22.364196,19.275343,0.006700
-22.748366,18.810763,0.073200
-22.748366,18.810763,0.006700
-23.132529,18.346177,0.073200
-23.132529,18.346177,0.006700
-23.628862,17.682968,0.073200
-23.628862,17.682968,0.006700
-24.125180,17.019747,0.073200
-24.125180,17.019747,0.006700
-24.481898,16.490160,0.073200
-24.481898,16.490160,0.006700
-24.838607,15.960567,0.073200
-24.838607,15.960567,0.006700
-25.264388,15.255454,0.073200
-25.264388,15.255454,0.006700
-25.690153,14.550331,0.073200
-25.690153,14.550331,0.006700
-26.008334,13.957446,0.073200
-26.008334,13.957446,0.006700
-26.326503,13.364556,0.073200
-26.326503,13.364556,0.006700
-26.673554,12.631733,0.073200
-26.673554,12.631733,0.006700
-27.020588,11.898903,0.073200
-27.020588,11.898903,0.006700
-27.289061,11.247547,0.073200
-27.289061,11.247547,0.006700
-27.557521,10.596185,0.073200
-27.557521,10.596185,0.006700
-27.821088,9.851916,0.073200
-27.821088,9.851916,0.006700
-28.084640,9.107641,0.073200
-28.084640,9.107641,0.006700
-28.293161,8.405803,0.073200
-28.293161,8.405803,0.006700
-28.501668,7.703960,0.073200
-28.501668,7.703960,0.006700
-28.680090,6.969806,0.073200
-28.680090,6.969806,0.006700
-28.858496,6.235648,0.073200
-28.858496,6.235648,0.006700
-28.930004,5.884079,0.073200
-28.930004,5.884079,0.006700
-29.001508,5.532510,0.073200
-29.001508,5.532510,0.006700
-29.125936,4.773322,0.073200
-29.125936,4.773322,0.006700
-29.250348,4.014131,0.073200
-29.250348,4.014131,0.006700
-29.336938,3.227013,0.073200
-29.336938,3.227013,0.006700
-29.423511,2.439893,0.073200
-29.423511,2.439893,0.006700
-29.465398,1.724216,0.073200
-29.465398,1.724216,0.006700
-29.507269,1.008539,0.073200
-29.507269,1.008539,0.006700
-29.512815,0.202805,0.073200
-29.512815,0.202805,0.006700
-29.518343,-0.602929,0.073200
-29.518343,-0.602929,0.006700
-29.478377,-1.841436,0.066500
-29.478377,-1.841436,0.013300
-29.458355,-2.254507,0.066500
-29.458355,-2.254507,0.013300
-29.413967,-2.675671,0.066500
-29.413967,-2.675671,0.013300
-29.369632,-3.096266,0.066500
-29.369632,-3.096266,0.013300
-29.325286,-3.516859,0.066500
-29.325286,-3.516859,0.013300
-29.280872,-3.938021,0.066500
-29.280872,-3.938021,0.013300
-29.231423,-4.253876,0.066500
-29.231423,-4.253876,0.013300
-29.182037,-4.569304,0.066500
-29.182037,-4.569304,0.013300
-29.132645,-4.884730,0.066500
-29.132645,-4.884730,0.013300
-29.083181,-5.200583,0.066500
-29.083181,-5.200583,0.013300
-28.996678,-5.615401,0.066500
-28.996678,-5.615401,0.013300
-28.910284,-6.029657,0.066500
-28.910284,-6.029657,0.013300
-28.823881,-6.443911,0.066500
-28.823881,-6.443911,0.013300
-28.737352,-6.858724,0.066500
-28.737352,-6.858724,0.013300
-28.624991,-7.275312,0.066500
-28.624991,-7.275312,0.013300
-28.512774,-7.691335,0.066500
-28.512774,-7.691335,0.013300
-28.400547,-8.107355,0.066500
-28.400547,-8.107355,0.013300
-28.288160,-8.523937,0.066500
-28.288160,-8.523937,0.013300
-28.149234,-8.939932,0.066500
-28.149234,-8.939932,0.013300
-28.010488,-9.355363,0.066500
-28.010488,-9.355363,0.013300
-27.871732,-9.770791,0.066500
-27.871732,-9.770791,0.013300
-27.732779,-10.186777,0.066500
-27.732779,-10.186777,0.013300
-27.566881,-10.599626,0.066500
-27.566881,-10.599626,0.013300
-27.401198,-11.011913,0.066500
-27.401198,-11.011913,0.013300
-27.235505,-11.424197,0.066500
-27.235505,-11.424197,0.013300
-27.069579,-11.837034,0.066500
-27.069579,-11.837034,0.013300
-26.876642,-12.244036,0.066500
-26.876642,-12.244036,0.013300
-26.683957,-12.650484,0.066500
-26.683957,-12.650484,0.013300
-26.491262,-13.056927,0.066500
-26.491262,-13.056927,0.013300
-26.298297,-13.463916,0.066500
-26.298297,-13.463916,0.013300
-26.068313,-13.879658,0.066500
-26.068313,-13.879658,0.013300
-25.838631,-14.294833,0.066500
-25.838631,-14.294833,0.013300
-25.608938,-14.710002,0.066500
-25.608938,-14.710002,0.013300
-25.378925,-15.125727,0.066500
-25.378925,-15.125727,0.013300
-25.140611,-15.499637,0.066500
-25.140611,-15.499637,0.013300
-24.902612,-15.873036,0.066500
-24.902612,-15.873036,0.013300
-24.664603,-16.246429,0.066500
-24.664603,-16.246429,0.013300
-24.426264,-16.620322,0.066500
-24.426264,-16.620322,0.013300
-24.164717,-16.980875,0.066500
-24.164717,-16.980875,0.013300
-23.903517,-17.340934,0.066500
-23.903517,-17.340934,0.013300
-23.642307,-17.700988,0.066500
-23.642307,-17.700988,0.013300
-23.380737,-18.061523,0.066500
-23.380737,-18.061523,0.013300
-23.097294,-18.406412,0.066500
-23.097294,-18.406412,0.013300
-22.814228,-18.750829,0.066500
-22.814228,-18.750829,0.013300
-22.531153,-19.095239,0.066500
-22.531153,-19.095239,0.013300
-22.247688,-19.440110,0.066500
-22.247688,-19.440110,0.013300
-21.943988,-19.767210,0.066500
-21.943988,-19.767210,0.013300
-21.640693,-20.093861,0.066500
-21.640693,-20.093861,0.013300
-21.337389,-20.420505,0.066500
-21.337389,-20.420505,0.013300
-21.033668,-20.747585,0.066500
-21.033668,-20.747585,0.013300
-20.711615,-21.055005,0.066500
-20.711615,-21.055005,0.013300
-20.389991,-21.362002,0.066500
-20.389991,-21.362002,0.013300
-20.068359,-21.668991,0.066500
-20.068359,-21.668991,0.013300
-19.746286,-21.976389,0.066500
-19.746286,-21.976389,0.013300
-19.407997,-22.262516,0.066500
-19.407997,-22.262516,0.013300
-19.070160,-22.548248,0.066500
-19.070160,-22.548248,0.013300
-18.732315,-22.833973,0.066500
-18.732315,-22.833973,0.013300
-18.394008,-23.120077,0.066500
-18.394008,-23.120077,0.013300
-17.972667,-23.431580,0.066500
-17.972667,-23.431580,0.013300
-17.551888,-23.742653,0.066500
-17.551888,-23.742653,0.013300
-17.131101,-24.053713,0.066500
-17.131101,-24.053713,0.013300
-16.709736,-24.365184,0.066500
-16.709736,-24.365184,0.013300
-16.331721,-24.607893,0.066500
-16.331721,-24.607893,0.013300
-15.954213,-24.850265,0.066500
-15.954213,-24.850265,0.013300
-15.576698,-25.092628,0.066500
-15.576698,-25.092628,0.013300
-15.198668,-25.335311,0.066500
-15.198668,-25.335311,0.013300
-14.811661,-25.551975,0.066500
-14.811661,-25.551975,0.013300
-14.425174,-25.768338,0.066500
-14.425174,-25.768338,0.013300
-14.038680,-25.984691,0.066500
-14.038680,-25.984691,0.013300
-13.651660,-26.201330,0.066500
-13.651660,-26.201330,0.013300
-13.258326,-26.391717,0.066500
-13.258326,-26.391717,0.013300
-12.865520,-26.581840,0.066500
-12.865520,-26.581840,0.013300
-12.472709,-26.771953,0.066500
-12.472709,-26.771953,0.013300
-12.079363,-26.962316,0.066500
-12.079363,-26.962316,0.013300
-11.682259,-27.126548,0.066500
-11.682259,-27.126548,0.013300
-11.285688,-27.290551,0.066500
-11.285688,-27.290551,0.013300
-10.889113,-27.454544,0.066500
-10.889113,-27.454544,0.013300
-10.491998,-27.618752,0.066500
-10.491998,-27.618752,0.013300
-10.093521,-27.757263,0.066500
-10.093521,-27.757263,0.013300
-9.695580,-27.895580,0.066500
-9.695580,-27.895580,0.013300
-9.297636,-28.033887,0.066500
-9.297636,-28.033887,0.013300
-8.899150,-28.172373,0.066500
-8.899150,-28.172373,0.013300
-8.503891,-28.285254,0.066500
-8.503891,-28.285254,0.013300
-8.109163,-28.397975,0.066500
-8.109163,-28.397975,0.013300
-7.714433,-28.510687,0.066500
-7.714433,-28.510687,0.013300
-7.319166,-28.623544,0.066500
-7.319166,-28.623544,0.013300
-6.910330,-28.715833,0.066500
-6.910330,-28.715833,0.013300
-6.502044,-28.807989,0.066500
-6.502044,-28.807989,0.013300
-6.093756,-28.900136,0.066500
-6.093756,-28.900136,0.013300
-5.684914,-28.992400,0.066500
-5.684914,-28.992400,0.013300
-5.281454,-29.059987,0.066500
-5.281454,-29.059987,0.013300
-4.878539,-29.127476,0.066500
-4.878539,-29.127476,0.013300
-4.475622,-29.194956,0.066500
-4.475622,-29.194956,0.013300
-4.072158,-29.262519,0.066500
-4.072158,-29.262519,0.013300
-3.632516,-29.310356,0.066500
-3.632516,-29.310356,0.013300
-3.193466,-29.358120,0.066500
-3.193466,-29.358120,0.013300
-2.754416,-29.405872,0.066500
-2.754416,-29.405872,0.013300
-2.314770,-29.453681,0.066500
-2.314770,-29.453681,0.013300
-1.972823,-29.472605,0.066500
-1.972823,-29.472605,0.013300
-1.631339,-29.491497,0.066500
-1.631339,-29.491497,0.013300
-1.289854,-29.510383,0.066500
-1.289854,-29.510383,0.013300
-0.947907,-29.529290,0.066500
-0.947907,-29.529290,0.013300
-0.889959,-29.530923,0.066500
-0.889959,-29.530923,0.013300
-0.832089,-29.532553,0.066500
-0.832089,-29.532553,0.013300
-0.774219,-29.534184,0.066500
-0.774219,-29.534184,0.013300
-0.716271,-29.535816,0.066500
-0.716271,-29.535816,0.013300
-0.684116,-29.536526,0.066500
-0.684116,-29.536526,0.013300
-0.652003,-29.537235,0.066500
-0.652003,-29.537235,0.013300
-0.619891,-29.537944,0.066500
-0.619891,-29.537944,0.013300
-0.587735,-29.538653,0.066500
-0.587735,-29.538653,0.013300
-0.527627,-29.539605,0.066500
-0.527627,-29.539605,0.013300
-0.467601,-29.540555,0.066500
-0.467601,-29.540555,0.013300
-0.407574,-29.541506,0.066500
-0.407574,-29.541506,0.013300
-0.347466,-29.542457,0.066500
-0.347466,-29.542457,0.013300
-0.308218,-29.542814,0.066500
-0.308218,-29.542814,0.013300
-0.269024,-29.543171,0.066500
-0.269024,-29.543171,0.013300
-0.229829,-29.543528,0.066500
-0.229829,-29.543528,0.013300
-0.190581,-29.543885,0.066500
-0.190581,-29.543885,0.013300
-0.150091,-29.516878,0.066500
-0.150091,-29.516878,0.013300
-0.135033,-29.498816,0.066500
-0.135033,-29.498816,0.013300
-0.108003,-29.474577,0.066500
-0.108003,-29.474577,0.013300
-0.114348,-29.468037,0.066500
-0.114348,-29.468037,0.013300
-0.088461,-29.457055,0.066500
-0.088461,-29.457055,0.013300
-0.081337,-29.450675,0.066500
-0.081337,-29.450675,0.013300
-0.061447,-29.436358,0.066500
-0.061447,-29.436358,0.013300
-0.076232,-29.441914,0.066500
-0.076232,-29.441914,0.013300
-0.056683,-29.436903,0.066500
-0.056683,-29.436903,0.013300
-0.048820,-29.433612,0.066500
-0.048820,-29.433612,0.013300
-0.034421,-29.428762,0.066500
-0.034421,-29.428762,0.013300
-0.038116,-29.428209,0.066500
-0.038116,-29.428209,0.013300
-0.025065,-29.426938,0.066500
-0.025065,-29.426938,0.013300
-0.016275,-29.425891,0.066500
-0.016275,-29.425891,0.013300
-0.005685,-29.424738,0.066500
-0.005685,-29.424738,0.013300
-0.000000,-29.423886,0.066500
-0.000000,-29.423886,0.013300
0.005685,-29.424738,0.066500
0.005685,-29.424738,0.013300
0.016275,-29.425891,0.066500
0.016275,-29.425891,0.013300
0.025065,-29.426938,0.066500
0.025065,-29.426938,0.013300
0.038116,-29.428209,0.066500
0.038116,-29.428209,0.013300
0.034421,-29.428762,0.066500
0.034421,-29.428762,0.013300
0.048820,-29.433612,0.066500
0.048820,-29.433612,0.013300
0.056683,-29.436903,0.066500
0.056683,-29.436903,0.013300
0.076232,-29.441914,0.066500
0.076232,-29.441914,0.013300
0.061447,-29.436358,0.066500
0.061447,-29.436358,0.013300
0.081337,-29.450675,0.066500
0.081337,-29.450675,0.013300
0.088461,-29.457055,0.066500
0.088461,-29.457055,0.013300
0.114348,-29.468037,0.066500
0.114348,-29.468037,0.013300
0.108003,-29.474577,0.066500
0.108003,-29.474577,0.013300
0.135033,-29.498816,0.066500
0.135033,-29.498816,0.013300
0.150091,-29.516878,0.066500
0.150091,-29.516878,0.013300
0.190581,-29.543885,0.066500
0.190581,-29.543885,0.013300
0.229829,-29.543528,0.066500
0.229829,-29.543528,0.013300
0.269024,-29.543171,0.066500
0.269024,-29.543171,0.013300
0.308218,-29.542814,0.066500
0.308218,-29.542814,0.013300
0.347466,-29.542457,0.066500
0.347466,-29.542457,0.013300
0.407574,-29.541506,0.066500
0.407574,-29.541506,0.013300
0.467601,-29.540555,0.066500
0.467601,-29.540555,0.013300
0.527627,-29.539605,0.066500
0.527627,-29.539605,0.013300
0.587735,-29.538653,0.066500
0.587735,-29.538653,0.013300
0.650582,-29.537136,0.066500
0.650582,-29.537136,0.013300
0.713343,-29.535620,0.066500
0.713343,-29.535620,0.013300
0.776104,-29.534104,0.066500
0.776104,-29.534104,0.013300
0.838950,-29.532586,0.066500
0.838950,-29.532586,0.013300
1.437301,-29.491270,0.066500
1.437301,-29.491270,0.013300
2.034842,-29.449993,0.066500
2.034842,-29.449993,0.013300
2.632381,-29.408696,0.066500
2.632381,-29.408696,0.013300
3.230728,-29.367327,0.066500
3.230728,-29.367327,0.013300
3.596750,-29.317786,0.066500
3.596750,-29.317786,0.013300
3.962276,-29.268305,0.066500
3.962276,-29.268305,0.013300
4.327801,-29.218818,0.066500
4.327801,-29.218818,0.013300
4.693820,-29.169257,0.066500
4.693820,-29.169257,0.013300
5.156778,-29.079538,0.066500
5.156778,-29.079538,0.013300
5.619109,-28.989931,0.066500
5.619109,-28.989931,0.013300
6.081437,-28.900312,0.066500
6.081437,-28.900312,0.013300
6.544388,-28.810562,0.066500
6.544388,-28.810562,0.013300
6.886750,-28.724154,0.066500
6.886750,-28.724154,0.013300
7.228647,-28.637857,0.066500
7.228647,-28.637857,0.013300
7.570543,-28.551554,0.066500
7.570543,-28.551554,0.013300
7.912900,-28.465128,0.066500
7.912900,-28.465128,0.013300
8.369018,-28.322311,0.066500
8.369018,-28.322311,0.013300
8.824516,-28.179678,0.066500
8.824516,-28.179678,0.013300
9.280011,-28.037032,0.066500
9.280011,-28.037032,0.013300
9.736119,-27.894183,0.066500
9.736119,-27.894183,0.013300
10.049695,-27.776708,0.066500
10.049695,-27.776708,0.013300
10.362845,-27.659387,0.066500
10.362845,-27.659387,0.013300
10.675993,-27.542060,0.066500
10.675993,-27.542060,0.013300
10.989563,-27.424569,0.066500
10.989563,-27.424569,0.013300
11.428198,-27.232096,0.066500
11.428198,-27.232096,0.013300
11.866235,-27.039874,0.066500
11.866235,-27.039874,0.013300
12.304267,-26.847640,0.066500
12.304267,-26.847640,0.013300
12.742888,-26.655136,0.066500
12.742888,-26.655136,0.013300
13.024598,-26.513003,0.066500
13.024598,-26.513003,0.013300
13.305925,-26.371058,0.066500
13.305925,-26.371058,0.013300
13.587250,-26.229109,0.066500
13.587250,-26.229109,0.013300
13.868953,-26.086963,0.066500
13.868953,-26.086963,0.013300
14.281246,-25.850481,0.066500
14.281246,-25.850481,0.013300
14.692977,-25.614310,0.066500
14.692977,-25.614310,0.013300
15.104701,-25.378128,0.066500
15.104701,-25.378128,0.013300
15.516977,-25.141617,0.066500
15.516977,-25.141617,0.013300
15.915405,-24.877572,0.066500
15.915405,-24.877572,0.013300
16.313289,-24.613875,0.066500
16.313289,-24.613875,0.013300
16.711165,-24.350167,0.066500
16.711165,-24.350167,0.013300
17.109575,-24.086094,0.066500
17.109575,-24.086094,0.013300
17.339220,-23.916202,0.066500
17.339220,-23.916202,0.013300
17.568552,-23.746536,0.066500
17.568552,-23.746536,0.013300
17.797882,-23.576867,0.066500
17.797882,-23.576867,0.013300
18.027520,-23.406965,0.066500
18.027520,-23.406965,0.013300
18.178869,-23.287222,0.066500
18.178869,-23.287222,0.013300
18.330013,-23.167640,0.066500
18.330013,-23.167640,0.013300
18.481155,-23.048057,0.066500
18.481155,-23.048057,0.013300
18.632501,-22.928310,0.066500
18.632501,-22.928310,0.013300
18.842359,-22.751205,0.066500
18.842359,-22.751205,0.013300
19.051930,-22.574336,0.066500
19.051930,-22.574336,0.013300
19.261499,-22.397465,0.066500
19.261499,-22.397465,0.013300
19.471350,-22.220351,0.066500
19.471350,-22.220351,0.013300
19.811668,-21.902662,0.066500
19.811668,-21.902662,0.013300
20.151519,-21.585395,0.066500
20.151519,-21.585395,0.013300
20.491361,-21.268119,0.066500
20.491361,-21.268119,0.013300
20.831657,-20.950407,0.066500
20.831657,-20.950407,0.013300
21.099336,-20.669920,0.066500
21.099336,-20.669920,0.013300
21.366648,-20.389808,0.066500
21.366648,-20.389808,0.013300
21.633954,-20.109689,0.066500
21.633954,-20.109689,0.013300
21.901617,-19.829187,0.066500
21.901617,-19.829187,0.013300
22.064771,-19.642803,0.066500
22.064771,-19.642803,0.013300
22.227703,-19.456669,0.066500
22.227703,-19.456669,0.013300
22.390632,-19.270533,0.066500
22.390632,-19.270533,0.013300
22.553780,-19.084143,0.066500
22.553780,-19.084143,0.013300
22.689410,-18.919080,0.066500
22.689410,-18.919080,0.013300
22.824855,-18.754238,0.066500
22.824855,-18.754238,0.013300
22.960298,-18.589395,0.066500
22.960298,-18.589395,0.013300
23.095922,-18.424328,0.066500
23.095922,-18.424328,0.013300
23.240226,-18.237392,0.066500
23.240226,-18.237392,0.013300
23.384333,-18.050707,0.066500
23.384333,-18.050707,0.013300
23.528437,-17.864021,0.066500
23.528437,-17.864021,0.013300
23.672734,-17.677080,0.066500
23.672734,-17.677080,0.013300
23.800749,-17.500264,0.066500
23.800749,-17.500264,0.013300
23.928589,-17.323685,0.066500
23.928589,-17.323685,0.013300
24.056426,-17.147105,0.066500
24.056426,-17.147105,0.013300
24.184435,-16.970285,0.066500
24.184435,-16.970285,0.013300
24.310701,-16.784403,0.066500
24.310701,-16.784403,0.013300
24.436794,-16.598771,0.066500
24.436794,-16.598771,0.013300
24.562884,-16.413137,0.066500
24.562884,-16.413137,0.013300
24.689143,-16.227251,0.066500
24.689143,-16.227251,0.013300
24.917308,-15.856820,0.066500
24.917308,-15.856820,0.013300
25.145157,-15.486885,0.066500
25.145157,-15.486885,0.013300
25.372997,-15.116944,0.066500
25.372997,-15.116944,0.013300
25.601138,-14.746498,0.066500
25.601138,-14.746498,0.013300
25.778533,-14.419817,0.066500
25.778533,-14.419817,0.013300
25.955683,-14.093574,0.066500
25.955683,-14.093574,0.013300
26.132825,-13.767328,0.066500
26.132825,-13.767328,0.013300
26.310203,-13.440637,0.066500
26.310203,-13.440637,0.013300
26.490852,-13.060727,0.066500
26.490852,-13.060727,0.013300
26.671250,-12.681327,0.066500
26.671250,-12.681327,0.013300
26.851639,-12.301923,0.066500
26.851639,-12.301923,0.013300
27.032265,-11.922002,0.066500
27.032265,-11.922002,0.013300
27.170446,-11.586656,0.066500
27.170446,-11.586656,0.013300
27.308436,-11.251761,0.066500
27.308436,-11.251761,0.013300
27.446418,-10.916863,0.066500
27.446418,-10.916863,0.013300
27.584582,-10.581509,0.066500
27.584582,-10.581509,0.013300
27.704816,-10.243832,0.066500
27.704816,-10.243832,0.013300
27.824883,-9.906609,0.066500
27.824883,-9.906609,0.013300
27.944943,-9.569384,0.066500
27.944943,-9.569384,0.013300
28.065160,-9.231701,0.066500
28.065160,-9.231701,0.013300
28.178723,-8.852586,0.066500
28.178723,-8.852586,0.013300
28.292126,-8.473981,0.066500
28.292126,-8.473981,0.013300
28.405521,-8.095374,0.066500
28.405521,-8.095374,0.013300
28.519063,-7.716252,0.066500
28.519063,-7.716252,0.013300
28.601468,-7.380816,0.066500
28.601468,-7.380816,0.013300
28.683756,-7.045833,0.066500
28.683756,-7.045833,0.013300
28.766038,-6.710847,0.066500
28.766038,-6.710847,0.013300
28.848426,-6.375407,0.066500
28.848426,-6.375407,0.013300
28.914076,-6.042233,0.066500
28.914076,-6.042233,0.013300
28.979632,-5.709508,0.066500
28.979632,-5.709508,0.013300
29.045182,-5.376781,0.066500
29.045182,-5.376781,0.013300
29.110815,-5.043604,0.066500
29.110815,-5.043604,0.013300
29.160319,-4.713862,0.066500
29.160319,-4.713862,0.013300
29.209752,-4.384566,0.066500
29.209752,-4.384566,0.013300
29.259178,-4.055269,0.066500
29.259178,-4.055269,0.013300
29.308667,-3.725525,0.066500
29.308667,-3.725525,0.013300
29.329517,-3.543508,0.066500
29.329517,-3.543508,0.013300
29.350338,-3.361737,0.066500
29.350338,-3.361737,0.013300
29.371157,-3.179966,0.066500
29.371157,-3.179966,0.013300
29.392002,-2.997948,0.066500
29.392002,-2.997948,0.013300
29.405211,-2.854653,0.066500
29.405211,-2.854653,0.013300
29.418402,-2.711552,0.066500
29.418402,-2.711552,0.013300
29.431591,-2.568451,0.066500
29.431591,-2.568451,0.013300
29.444797,-2.425156,0.066500
29.444797,-2.425156,0.013300
29.457496,-2.243755,0.066500
29.457496,-2.243755,0.013300
29.470176,-2.062599,0.066500
29.470176,-2.062599,0.013300
29.482854,-1.881443,0.066500
29.482854,-1.881443,0.013300
29.495548,-1.700042,0.066500
29.495548,-1.700042,0.013300
29.502235,-1.561384,0.066500
29.502235,-1.561384,0.013300
29.508913,-1.422915,0.066500
29.508913,-1.422915,0.013300
29.515589,-1.284445,0.066500
29.515589,-1.284445,0.013300
29.522274,-1.145787,0.066500
29.522274,-1.145787,0.013300
29.527065,-0.965923,0.066500
29.527065,-0.965923,0.013300
29.531849,-0.786302,0.066500
29.531849,-0.786302,0.013300
29.536630,-0.606681,0.066500
29.536630,-0.606681,0.013300
29.541417,-0.426816,0.066500
29.541417,-0.426816,0.013300
29.539351,-0.115015,0.066500
29.539351,-0.115015,0.013300
29.537284,0.196364,0.066500
29.537284,0.196364,0.013300
29.535211,0.507743,0.066500
29.535211,0.507743,0.013300
29.533131,0.819544,0.066500
29.533131,0.819544,0.013300
29.518385,1.124232,0.066500
29.518385,1.124232,0.013300
29.503656,1.428509,0.066500
29.503656,1.428509,0.013300
29.488921,1.732784,0.066500
29.488921,1.732784,0.013300
29.474161,2.037472,0.066500
29.474161,2.037472,0.013300
29.450215,2.310353,0.066500
29.450215,2.310353,0.013300
29.426298,2.582866,0.066500
29.426298,2.582866,0.013300
29.402376,2.855378,0.066500
29.402376,2.855378,0.013300
29.378419,3.128258,0.066500
29.378419,3.128258,0.013300
29.341536,3.419599,0.066500
29.341536,3.419599,0.013300
29.304698,3.710546,0.066500
29.304698,3.710546,0.013300
29.267857,4.001492,0.066500
29.267857,4.001492,0.013300
29.230961,4.292832,0.066500
29.230961,4.292832,0.013300
29.204028,4.462501,0.066500
29.204028,4.462501,0.013300
29.177130,4.631941,0.066500
29.177130,4.631941,0.013300
29.150230,4.801380,0.066500
29.150230,4.801380,0.013300
29.123292,4.971049,0.066500
29.123292,4.971049,0.013300
29.074524,5.229067,0.066500
29.074524,5.229067,0.013300
29.025819,5.486737,0.066500
29.025819,5.486737,0.013300
28.977110,5.744405,0.066500
28.977110,5.744405,0.013300
28.928332,6.002422,0.066500
28.928332,6.002422,0.013300
28.871286,6.255045,0.066500
28.871286,6.255045,0.013300
28.814313,6.507327,0.066500
28.814313,6.507327,0.013300
28.757337,6.759607,0.066500
28.757337,6.759607,0.013300
28.700281,7.012228,0.066500
28.700281,7.012228,0.013300
28.635321,7.259493,0.066500
28.635321,7.259493,0.013300
28.570447,7.506422,0.066500
28.570447,7.506422,0.013300
28.505568,7.753350,0.066500
28.505568,7.753350,0.013300
28.440599,8.000612,0.066500
28.440599,8.000612,0.013300
28.362513,8.259897,0.066500
28.362513,8.259897,0.013300
28.284528,8.518830,0.066500
28.284528,8.518830,0.013300
28.206540,8.777763,0.066500
28.206540,8.777763,0.013300
28.128443,9.037044,0.066500
28.128443,9.037044,0.013300
28.083975,9.171051,0.066500
28.083975,9.171051,0.013300
28.039566,9.304875,0.066500
28.039566,9.304875,0.013300
27.995156,9.438700,0.066500
27.995156,9.438700,0.013300
27.950685,9.572705,0.066500
27.950685,9.572705,0.013300
27.914956,9.674597,0.066500
27.914956,9.674597,0.013300
27.879274,9.776351,0.066500
27.879274,9.776351,0.013300
27.843592,9.878105,0.066500
27.843592,9.878105,0.013300
27.807861,9.979996,0.066500
27.807861,9.979996,0.013300
27.759992,10.109561,0.066500
27.759992,10.109561,0.013300
27.712186,10.238951,0.066500
27.712186,10.238951,0.013300
27.664380,10.368340,0.066500
27.664380,10.368340,0.013300
27.616508,10.497904,0.066500
27.616508,10.497904,0.013300
27.577073,10.599389,0.066500
27.577073,10.599389,0.013300
27.537691,10.700737,0.066500
27.537691,10.700737,0.013300
27.498309,10.802084,0.066500
27.498309,10.802084,0.013300
27.458872,10.903569,0.066500
27.458872,10.903569,0.013300
27.413942,11.014111,0.066500
27.413942,11.014111,0.013300
27.369072,11.124504,0.066500
27.369072,11.124504,0.013300
27.324201,11.234897,0.066500
27.324201,11.234897,0.013300
27.279269,11.345439,0.066500
27.279269,11.345439,0.013300
27.235991,11.447340,0.066500
27.235991,11.447340,0.013300
27.192771,11.549104,0.066500
27.192771,11.549104,0.013300
27.149551,11.650867,0.066500
27.149551,11.650867,0.013300
27.106271,11.752768,0.066500
27.106271,11.752768,0.013300
27.052496,11.873814,0.066500
27.052496,11.873814,0.013300
26.998792,11.994695,0.066500
26.998792,11.994695,0.013300
26.945088,12.115577,0.066500
26.945088,12.115577,0.013300
26.891310,12.236622,0.066500
26.891310,12.236622,0.013300
26.787448,12.455307,0.066500
26.787448,12.455307,0.013300
26.683724,12.673696,0.066500
26.683724,12.673696,0.013300
26.579997,12.892083,0.066500
26.579997,12.892083,0.013300
26.476128,13.110765,0.066500
26.476128,13.110765,0.013300
26.371414,13.314251,0.066500
26.371414,13.314251,0.013300
26.266839,13.517461,0.066500
26.266839,13.517461,0.013300
26.162262,13.720670,0.066500
26.162262,13.720670,0.013300
26.057541,13.924153,0.066500
26.057541,13.924153,0.013300
25.939533,14.136529,0.066500
25.939533,14.136529,0.013300
25.821682,14.348617,0.066500
25.821682,14.348617,0.013300
25.703828,14.560703,0.066500
25.703828,14.560703,0.013300
25.585812,14.773074,0.066500
25.585812,14.773074,0.013300
25.465747,14.973633,0.066500
25.465747,14.973633,0.013300
25.345842,15.173920,0.066500
25.345842,15.173920,0.013300
25.225934,15.374206,0.066500
25.225934,15.374206,0.013300
25.105862,15.574761,0.066500
25.105862,15.574761,0.013300
25.037873,15.682281,0.066500
25.037873,15.682281,0.013300
24.969976,15.789656,0.066500
24.969976,15.789656,0.013300
24.902078,15.897030,0.066500
24.902078,15.897030,0.013300
24.834087,16.004549,0.066500
24.834087,16.004549,0.013300
24.773090,16.097653,0.066500
24.773090,16.097653,0.013300
24.712174,16.190631,0.066500
24.712174,16.190631,0.013300
24.651258,16.283608,0.066500
24.651258,16.283608,0.013300
24.590259,16.376711,0.066500
24.590259,16.376711,0.013300
24.515717,16.486492,0.066500
24.515717,16.486492,0.013300
24.441275,16.596124,0.066500
24.441275,16.596124,0.013300
24.366833,16.705755,0.066500
24.366833,16.705755,0.013300
24.292288,16.815535,0.066500
24.292288,16.815535,0.013300
24.146482,17.018745,0.066500
24.146482,17.018745,0.013300
24.000870,17.221678,0.066500
24.000870,17.221678,0.013300
23.855256,17.424610,0.066500
23.855256,17.424610,0.013300
23.709442,17.627815,0.066500
23.709442,17.627815,0.013300
23.623136,17.741586,0.066500
23.623136,17.741586,0.013300
23.536946,17.855204,0.066500
23.536946,17.855204,0.013300
23.450755,17.968821,0.066500
23.450755,17.968821,0.013300
23.364447,18.082591,0.066500
23.364447,18.082591,0.013300
23.273927,18.197196,0.066500
23.273927,18.197196,0.013300
23.183529,18.311646,0.066500
23.183529,18.311646,0.013300
23.093130,18.426095,0.066500
23.093130,18.426095,0.013300
23.002608,18.540699,0.066500
23.002608,18.540699,0.013300
22.930530,18.628728,0.066500
22.930530,18.628728,0.013300
22.858550,18.716639,0.066500
22.858550,18.716639,0.013300
22.786569,18.804548,0.066500
22.786569,18.804548,0.013300
22.714490,18.892576,0.066500
22.714490,18.892576,0.013300
22.618715,19.005411,0.066500
22.618715,19.005411,0.013300
22.523069,19.118093,0.066500
22.523069,19.118093,0.013300
22.427423,19.230773,0.066500
22.427423,19.230773,0.013300
22.331646,19.343606,0.066500
22.331646,19.343606,0.013300
22.233608,19.454526,0.066500
22.233608,19.454526,0.013300
22.135701,19.565296,0.066500
22.135701,19.565296,0.013300
22.037794,19.676065,0.066500
22.037794,19.676065,0.013300
21.939754,19.786983,0.066500
21.939754,19.786983,0.013300
21.815229,19.921661,0.066500
21.815229,19.921661,0.013300
21.690871,20.056156,0.066500
21.690871,20.056156,0.013300
21.566512,20.190650,0.066500
21.566512,20.190650,0.013300
21.441983,20.325325,0.066500
21.441983,20.325325,0.013300
21.341341,20.429437,0.066500
21.341341,20.429437,0.013300
21.240834,20.533407,0.066500
21.240834,20.533407,0.013300
21.140327,20.637376,0.066500
21.140327,20.637376,0.013300
21.039683,20.741486,0.066500
21.039683,20.741486,0.013300
20.939705,20.840986,0.066500
20.939705,20.840986,0.013300
20.839862,20.940351,0.066500
20.839862,20.940351,0.013300
20.740018,21.039715,0.066500
20.740018,21.039715,0.013300
20.640038,21.139213,0.066500
20.640038,21.139213,0.013300
20.511909,21.261357,0.066500
20.511909,21.261357,0.013300
20.383952,21.383335,0.066500
20.383952,21.383335,0.013300
20.255994,21.505311,0.066500
20.255994,21.505311,0.013300
20.127862,21.627452,0.066500
20.127862,21.627452,0.013300
20.029501,21.717353,0.066500
20.029501,21.717353,0.013300
19.931274,21.807131,0.066500
19.931274,21.807131,0.013300
19.833045,21.896910,0.066500
19.833045,21.896910,0.013300
19.734683,21.986808,0.066500
19.734683,21.986808,0.013300
19.604884,22.100607,0.066500
19.604884,22.100607,0.013300
19.475258,22.214251,0.066500
19.475258,22.214251,0.013300
19.345632,22.327894,0.066500
19.345632,22.327894,0.013300
19.215829,22.441689,0.066500
19.215829,22.441689,0.013300
19.120292,22.522106,0.066500
19.120292,22.522106,0.013300
19.024884,22.602413,0.066500
19.024884,22.602413,0.013300
18.929475,22.682720,0.066500
18.929475,22.682720,0.013300
18.833937,22.763135,0.066500
18.833937,22.763135,0.013300
18.701995,22.869777,0.066500
18.701995,22.869777,0.013300
18.570231,22.976274,0.066500
18.570231,22.976274,0.013300
18.438466,23.082771,0.066500
18.438466,23.082771,0.013300
18.306522,23.189410,0.066500
18.306522,23.189410,0.013300
18.152842,23.307496,0.066500
18.152842,23.307496,0.013300
17.999369,23.425422,0.066500
17.999369,23.425422,0.013300
17.845894,23.543346,0.066500
17.845894,23.543346,0.013300
17.692211,23.661428,0.066500
17.692211,23.661428,0.013300
17.598643,23.730252,0.066500
17.598643,23.730252,0.013300
17.505201,23.798983,0.066500
17.505201,23.798983,0.013300
17.411759,23.867714,0.066500
17.411759,23.867714,0.013300
17.318190,23.936537,0.066500
17.318190,23.936537,0.013300
17.180164,24.034018,0.066500
17.180164,24.034018,0.013300
17.042323,24.131366,0.066500
17.042323,24.131366,0.013300
16.904482,24.228712,0.066500
16.904482,24.228712,0.013300
16.766454,24.326190,0.066500
16.766454,24.326190,0.013300
16.604088,24.434963,0.066500
16.604088,24.434963,0.013300
16.441941,24.543588,0.066500
16.441941,24.543588,0.013300
16.279793,24.652211,0.066500
16.279793,24.652211,0.013300
16.117424,24.760980,0.066500
16.117424,24.760980,0.013300
15.950873,24.866261,0.066500
15.950873,24.866261,0.013300
15.784546,24.971399,0.066500
15.784546,24.971399,0.013300
15.618217,25.076534,0.066500
15.618217,25.076534,0.013300
15.451663,25.181811,0.066500
15.451663,25.181811,0.013300
15.357205,25.238806,0.066500
15.357205,25.238806,0.013300
15.262874,25.295723,0.066500
15.262874,25.295723,0.013300
15.168543,25.352640,0.066500
15.168543,25.352640,0.013300
15.074085,25.409633,0.066500
15.074085,25.409633,0.013300
14.925331,25.495561,0.066500
14.925331,25.495561,0.013300
14.776778,25.581372,0.066500
14.776778,25.581372,0.013300
14.628224,25.667181,0.066500
14.628224,25.667181,0.013300
14.479469,25.753106,0.066500
14.479469,25.753106,0.013300
14.303239,25.849068,0.066500
14.303239,25.849068,0.013300
14.127247,25.944899,0.066500
14.127247,25.944899,0.013300
13.951253,26.040728,0.066500
13.951253,26.040728,0.013300
13.775021,26.136685,0.066500
13.775021,26.136685,0.013300
13.594605,26.228639,0.066500
13.594605,26.228639,0.013300
13.414431,26.320467,0.066500
13.414431,26.320467,0.013300
13.234257,26.412293,0.066500
13.234257,26.412293,0.013300
13.053838,26.504241,0.066500
13.053838,26.504241,0.013300
12.955469,26.551791,0.066500
12.955469,26.551791,0.013300
12.857233,26.599275,0.066500
12.857233,26.599275,0.013300
12.758996,26.646759,0.066500
12.758996,26.646759,0.013300
12.660627,26.694307,0.066500
12.660627,26.694307,0.013300
12.546466,26.747267,0.066500
12.546466,26.747267,0.013300
12.432459,26.800155,0.066500
12.432459,26.800155,0.013300
12.318451,26.853042,0.066500
12.318451,26.853042,0.013300
12.204289,26.905999,0.066500
12.204289,26.905999,0.013300
12.102712,26.951157,0.066500
12.102712,26.951157,0.013300
12.001271,26.996253,0.066500
12.001271,26.996253,0.013300
11.899830,27.041349,0.066500
11.899830,27.041349,0.013300
11.798252,27.086505,0.066500
11.798252,27.086505,0.013300
11.604990,27.167449,0.066500
11.604990,27.167449,0.013300
11.411989,27.248282,0.066500
11.411989,27.248282,0.013300
11.218986,27.329113,0.066500
11.218986,27.329113,0.013300
11.025722,27.410052,0.066500
11.025722,27.410052,0.013300
10.828579,27.486101,0.066500
10.828579,27.486101,0.013300
10.631702,27.562045,0.066500
10.631702,27.562045,0.013300
10.434823,27.637987,0.066500
10.434823,27.637987,0.013300
10.237678,27.714029,0.066500
10.237678,27.714029,0.013300
10.036952,27.784914,0.066500
10.036952,27.784914,0.013300
9.836496,27.855701,0.066500
9.836496,27.855701,0.013300
9.636040,27.926485,0.066500
9.636040,27.926485,0.013300
9.435312,27.997364,0.066500
9.435312,27.997364,0.013300
9.325738,28.033342,0.066500
9.325738,28.033342,0.013300
9.216313,28.069272,0.066500
9.216313,28.069272,0.013300
9.106887,28.105200,0.066500
9.106887,28.105200,0.013300
8.997313,28.141177,0.066500
8.997313,28.141177,0.013300
8.868685,28.181016,0.066500
8.868685,28.181016,0.013300
8.740230,28.220800,0.066500
8.740230,28.220800,0.013300
8.611776,28.260583,0.066500
8.611776,28.260583,0.013300
8.483147,28.300419,0.066500
8.483147,28.300419,0.013300
8.369113,28.333606,0.066500
8.369113,28.333606,0.013300
8.255233,28.366747,0.066500
8.255233,28.366747,0.013300
8.141353,28.399888,0.066500
8.141353,28.399888,0.013300
8.027319,28.433073,0.066500
8.027319,28.433073,0.013300
7.777924,28.498812,0.066500
7.777924,28.498812,0.013300
7.528865,28.564460,0.066500
7.528865,28.564460,0.013300
7.279805,28.630103,0.066500
7.279805,28.630103,0.013300
7.030408,28.695833,0.066500
7.030408,28.695833,0.013300
6.813012,28.745634,0.066500
6.813012,28.745634,0.013300
6.595910,28.795365,0.066500
6.595910,28.795365,0.013300
6.378807,28.845094,0.066500
6.378807,28.845094,0.013300
6.161410,28.894887,0.066500
6.161410,28.894887,0.013300
5.901722,28.945426,0.066500
5.901722,28.945426,0.013300
5.642385,28.995893,0.066500
5.642385,28.995893,0.013300
5.383047,29.046356,0.066500
5.383047,29.046356,0.013300
5.123358,29.096884,0.066500
5.123358,29.096884,0.013300
4.858119,29.138641,0.066500
4.858119,29.138641,0.013300
4.593239,29.180337,0.066500
4.593239,29.180337,0.013300
4.328357,29.222030,0.066500
4.328357,29.222030,0.013300
4.063117,29.263776,0.066500
4.063117,29.263776,0.013300
3.792860,29.296244,0.066500
3.792860,29.296244,0.013300
3.522967,29.328666,0.066500
3.522967,29.328666,0.013300
3.253075,29.361084,0.066500
3.253075,29.361084,0.013300
2.982816,29.393542,0.066500
2.982816,29.393542,0.013300
2.844829,29.406240,0.066500
2.844829,29.406240,0.013300
2.707029,29.418921,0.066500
2.707029,29.418921,0.013300
2.569229,29.431600,0.066500
2.569229,29.431600,0.013300
2.431242,29.444296,0.066500
2.431242,29.444296,0.013300
2.294576,29.454307,0.066500
2.294576,29.454307,0.013300
2.158095,29.464304,0.066500
2.158095,29.464304,0.013300
2.021614,29.474300,0.066500
2.021614,29.474300,0.013300
1.884948,29.484309,0.066500
1.884948,29.484309,0.013300
1.740951,29.492106,0.066500
1.740951,29.492106,0.013300
1.597149,29.499892,0.066500
1.597149,29.499892,0.013300
1.453347,29.507677,0.066500
1.453347,29.507677,0.013300
1.309350,29.515472,0.066500
1.309350,29.515472,0.013300
1.024967,29.522614,0.066500
1.024967,29.522614,0.013300
0.740968,29.529742,0.066500
0.740968,29.529742,0.013300
0.456969,29.536866,0.066500
0.456969,29.536866,0.013300
0.172585,29.543996,0.066500
0.172585,29.543996,0.013300
-0.114644,29.540098,0.066500
-0.114644,29.540098,0.013300
-0.401486,29.536201,0.066500
-0.401486,29.536201,0.013300
-0.688327,29.532300,0.066500
-0.688327,29.532300,0.013300
-0.975557,29.528389,0.066500
-0.975557,29.528389,0.013300
-1.264677,29.513170,0.066500
-1.264677,29.513170,0.013300
-1.553407,29.497967,0.066500
-1.553407,29.497967,0.013300
-1.842136,29.482760,0.066500
-1.842136,29.482760,0.013300
-2.131256,29.467528,0.066500
-2.131256,29.467528,0.013300
-2.421244,29.440809,0.066500
-2.421244,29.440809,0.013300
-2.710841,29.414122,0.066500
-2.710841,29.414122,0.013300
-3.000437,29.387430,0.066500
-3.000437,29.387430,0.013300
-3.290424,29.360698,0.066500
-3.290424,29.360698,0.013300
-3.458211,29.339951,0.066500
-3.458211,29.339951,0.013300
-3.625771,29.319230,0.066500
-3.625771,29.319230,0.013300
-3.793330,29.298508,0.066500
-3.793330,29.298508,0.013300
-3.961116,29.277757,0.066500
-3.961116,29.277757,0.013300
-4.144763,29.250560,0.066500
-4.144763,29.250560,0.013300
-4.328161,29.223399,0.066500
-4.328161,29.223399,0.013300
-4.511559,29.196235,0.066500
-4.511559,29.196235,0.013300
-4.695205,29.169034,0.066500
-4.695205,29.169034,0.013300
-4.870056,29.138733,0.066500
-4.870056,29.138733,0.013300
-5.044671,29.108473,0.066500
-5.044671,29.108473,0.013300
-5.219285,29.078210,0.066500
-5.219285,29.078210,0.013300
-5.394136,29.047905,0.066500
-5.394136,29.047905,0.013300
-5.690338,28.986612,0.066500
-5.690338,28.986612,0.013300
-5.986139,28.925399,0.066500
-5.986139,28.925399,0.013300
-6.281939,28.864180,0.066500
-6.281939,28.864180,0.013300
-6.578138,28.802875,0.066500
-6.578138,28.802875,0.013300
-6.871177,28.729625,0.066500
-6.871177,28.729625,0.013300
-7.163818,28.656470,0.066500
-7.163818,28.656470,0.013300
-7.456459,28.583310,0.066500
-7.456459,28.583310,0.013300
-7.749495,28.510048,0.066500
-7.749495,28.510048,0.013300
-7.935702,28.456807,0.066500
-7.935702,28.456807,0.013300
-8.121657,28.403636,0.066500
-8.121657,28.403636,0.013300
-8.307612,28.350464,0.066500
-8.307612,28.350464,0.013300
-8.493818,28.297218,0.066500
-8.493818,28.297218,0.013300
-8.667107,28.242875,0.066500
-8.667107,28.242875,0.013300
-8.840162,28.188605,0.066500
-8.840162,28.188605,0.013300
-9.013216,28.134333,0.066500
-9.013216,28.134333,0.013300
-9.186504,28.079986,0.066500
-9.186504,28.079986,0.013300
-9.378786,28.014143,0.066500
-9.378786,28.014143,0.013300
-9.570807,27.948388,0.066500
-9.570807,27.948388,0.013300
-9.762828,27.882630,0.066500
-9.762828,27.882630,0.013300
-9.955108,27.816781,0.066500
-9.955108,27.816781,0.013300
-10.243548,27.706713,0.066500
-10.243548,27.706713,0.013300
-10.531597,27.596789,0.066500
-10.531597,27.596789,0.013300
-10.819644,27.486861,0.066500
-10.819644,27.486861,0.013300
-11.108080,27.376779,0.066500
-11.108080,27.376779,0.013300
-11.465652,27.220592,0.066500
-11.465652,27.220592,0.013300
-11.822739,27.064609,0.066500
-11.822739,27.064609,0.013300
-12.179822,26.908618,0.066500
-12.179822,26.908618,0.013300
-12.537385,26.752410,0.066500
-12.537385,26.752410,0.013300
-12.739236,26.654051,0.066500
-12.739236,26.654051,0.013300
-12.940813,26.555823,0.066500
-12.940813,26.555823,0.013300
-13.142389,26.457592,0.066500
-13.142389,26.457592,0.013300
-13.344236,26.359227,0.066500
-13.344236,26.359227,0.013300
-13.494326,26.281076,0.066500
-13.494326,26.281076,0.013300
-13.644213,26.203029,0.066500
-13.644213,26.203029,0.013300
-13.794099,26.124981,0.066500
-13.794099,26.124981,0.013300
-13.944187,26.046826,0.066500
-13.944187,26.046826,0.013300
-14.149335,25.932777,0.066500
-14.149335,25.932777,0.013300
-14.354204,25.818880,0.066500
-14.354204,25.818880,0.013300
-14.559072,25.704980,0.066500
-14.559072,25.704980,0.013300
-14.764216,25.590924,0.066500
-14.764216,25.590924,0.013300
-15.110288,25.378397,0.066500
-15.110288,25.378397,0.013300
-15.455888,25.166151,0.066500
-15.455888,25.166151,0.013300
-15.801483,24.953897,0.066500
-15.801483,24.953897,0.013300
-16.147542,24.741349,0.066500
-16.147542,24.741349,0.013300
-16.398523,24.570096,0.066500
-16.398523,24.570096,0.013300
-16.649162,24.399071,0.066500
-16.649162,24.399071,0.013300
-16.899798,24.228042,0.066500
-16.899798,24.228042,0.013300
-17.150771,24.056777,0.066500
-17.150771,24.056777,0.013300
-17.357523,23.903891,0.066500
-17.357523,23.903891,0.013300
-17.563994,23.751208,0.066500
-17.563994,23.751208,0.013300
-17.770462,23.598522,0.066500
-17.770462,23.598522,0.013300
-17.977208,23.445628,0.066500
-17.977208,23.445628,0.013300
-18.296382,23.186505,0.066500
-18.296382,23.186505,0.013300
-18.615120,22.927727,0.066500
-18.615120,22.927727,0.013300
-18.933852,22.668941,0.066500
-18.933852,22.668941,0.013300
-19.253010,22.409799,0.066500
-19.253010,22.409799,0.013300
-19.458070,22.226898,0.066500
-19.458070,22.226898,0.013300
-19.662851,22.044243,0.066500
-19.662851,22.044243,0.013300
-19.867629,21.861584,0.066500
-19.867629,21.861584,0.013300
-20.072682,21.678675,0.066500
-20.072682,21.678675,0.013300
-20.371227,21.386157,0.066500
-20.371227,21.386157,0.013300
-20.669364,21.094030,0.066500
-20.669364,21.094030,0.013300
-20.967494,20.801895,0.066500
-20.967494,20.801895,0.013300
-21.266021,20.509359,0.066500
-21.266021,20.509359,0.013300
-21.544550,20.203922,0.066500
-21.544550,20.203922,0.013300
-21.822696,19.898891,0.066500
-21.822696,19.898891,0.013300
-22.100835,19.593855,0.066500
-22.100835,19.593855,0.013300
-22.379345,19.288400,0.066500
-22.379345,19.288400,0.013300
-22.571694,19.055799,0.066500
-22.571694,19.055799,0.013300
-22.763779,18.823509,0.066500
-22.763779,18.823509,0.013300
-22.955860,18.591215,0.066500
-22.955860,18.591215,0.013300
-23.148199,18.358605,0.066500
-23.148199,18.358605,0.013300
-23.396708,18.026556,0.066500
-23.396708,18.026556,0.013300
-23.644875,17.694951,0.066500
-23.644875,17.694951,0.013300
-23.893034,17.363341,0.066500
-23.893034,17.363341,0.013300
-24.141522,17.031276,0.066500
-24.141522,17.031276,0.013300
-24.320127,16.766127,0.066500
-24.320127,16.766127,0.013300
-24.498486,16.501333,0.066500
-24.498486,16.501333,0.013300
-24.676841,16.236536,0.066500
-24.676841,16.236536,0.013300
-24.855433,15.971378,0.066500
-24.855433,15.971378,0.013300
-25.068619,15.618348,0.066500
-25.068619,15.618348,0.013300
-25.281509,15.265792,0.066500
-25.281509,15.265792,0.013300
-25.494392,14.913230,0.066500
-25.494392,14.913230,0.013300
-25.707556,14.560187,0.066500
-25.707556,14.560187,0.013300
-25.866866,14.263346,0.066500
-25.866866,14.263346,0.013300
-26.025956,13.966904,0.066500
-26.025956,13.966904,0.013300
-26.185041,13.670458,0.066500
-26.185041,13.670458,0.013300
-26.344336,13.373609,0.066500
-26.344336,13.373609,0.013300
-26.518104,13.006705,0.066500
-26.518104,13.006705,0.013300
-26.691630,12.640293,0.066500
-26.691630,12.640293,0.013300
-26.865147,12.273878,0.066500
-26.865147,12.273878,0.013300
-27.038892,11.906964,0.066500
-27.038892,11.906964,0.013300
-27.173316,11.580847,0.066500
-27.173316,11.580847,0.013300
-27.307552,11.255168,0.066500
-27.307552,11.255168,0.013300
-27.441782,10.929487,0.066500
-27.441782,10.929487,0.013300
-27.576188,10.603363,0.066500
-27.576188,10.603363,0.013300
-27.708157,10.230727,0.066500
-27.708157,10.230727,0.013300
-27.839941,9.858592,0.066500
-27.839941,9.858592,0.013300
-27.971717,9.486454,0.066500
-27.971717,9.486454,0.013300
-28.103664,9.113810,0.066500
-28.103664,9.113810,0.013300
-28.208072,8.762418,0.066500
-28.208072,8.762418,0.013300
-28.312333,8.411498,0.066500
-28.312333,8.411498,0.013300
-28.416587,8.060577,0.066500
-28.416587,8.060577,0.013300
-28.520975,7.709179,0.066500
-28.520975,7.709179,0.013300
-28.610313,7.341606,0.066500
-28.610313,7.341606,0.013300
-28.699524,6.974529,0.066500
-28.699524,6.974529,0.013300
-28.788727,6.607449,0.066500
-28.788727,6.607449,0.013300
-28.878045,6.239872,0.066500
-28.878045,6.239872,0.013300
-28.913849,6.063849,0.066500
-28.913849,6.063849,0.013300
-28.949602,5.888065,0.066500
-28.949602,5.888065,0.013300
-28.985354,5.712280,0.066500
-28.985354,5.712280,0.013300
-29.021153,5.536257,0.066500
-29.021153,5.536257,0.013300
-29.083458,5.156150,0.066500
-29.083458,5.156150,0.013300
-29.145673,4.776556,0.066500
-29.145673,4.776556,0.013300
-29.207879,4.396961,0.066500
-29.207879,4.396961,0.013300
-29.270162,4.016850,0.066500
-29.270162,4.016850,0.013300
-29.313523,3.622759,0.066500
-29.313523,3.622759,0.013300
-29.356819,3.229200,0.066500
-29.356819,3.229200,0.013300
-29.400105,2.835639,0.066500
-29.400105,2.835639,0.013300
-29.443443,2.441546,0.066500
-29.443443,2.441546,0.013300
-29.464420,2.083223,0.066500
-29.464420,2.083223,0.013300
-29.485363,1.725385,0.066500
-29.485363,1.725385,0.013300
-29.506299,1.367546,0.066500
-29.506299,1.367546,0.013300
-29.527258,1.009222,0.066500
-29.527258,1.009222,0.013300
-29.530042,0.605810,0.066500
-29.530042,0.605810,0.013300
-29.532815,0.202943,0.066500
-29.532815,0.202943,0.013300
-29.535579,-0.199925,0.066500
-29.535579,-0.199925,0.013300
-29.538339,-0.603337,0.066500
-29.538339,-0.603337,0.013300
-29.518342,-1.016409,0.066500
-29.518342,-1.016409,0.013300
-29.498364,-1.428923,0.066500
-29.498364,-1.428923,0.013300
