354, 138, 139, 355
355, 315, 316, 139
355, 315, 138, 139
358, 139, 140, 359
359, 316, 317, 140
359, 316, 139, 140
362, 140, 144, 363
363, 317, 321, 144
363, 317, 140, 144
366, 144, 145, 367
367, 321, 322, 145
367, 321, 144, 145
370, 145, 146, 371
371, 322, 323, 146
371, 322, 145, 146
374, 146, 147, 375
375, 323, 324, 147
375, 323, 146, 147
378, 147, 148, 379
379, 324, 325, 148
379, 324, 147, 148
382, 148, 149, 383
383, 325, 326, 149
383, 325, 148, 149
386, 149, 156, 387
387, 326, 333, 156
387, 326, 149, 156
390, 156, 157, 391
391, 333, 334, 157
391, 333, 156, 157
394, 157, 158, 395
395, 334, 335, 158
395, 334, 157, 158
398, 158, 159, 399
399, 335, 336, 159
399, 335, 158, 159
402, 159, 160, 403
403, 336, 337, 160
403, 336, 159, 160
406, 160, 161, 407
407, 337, 338, 161
407, 337, 160, 161
410, 161, 162, 411
411, 338, 339, 162
411, 338, 161, 162
414, 162, 150, 415
415, 339, 327, 150
415, 339, 162, 150
418, 150, 151, 419
419, 327, 328, 151
419, 327, 150, 151
422, 151, 152, 423
423, 328, 329, 152
423, 328, 151, 152
426, 152, 153, 427
427, 329, 330, 153
427, 329, 152, 153
430, 153, 154, 431
431, 330, 331, 154
431, 330, 153, 154
434, 154, 155, 435
435, 331, 332, 155
435, 331, 154, 155
438, 155, 141, 439
439, 332, 318, 141
439, 332, 155, 141
442, 141, 142, 443
443, 318, 319, 142
443, 318, 141, 142
446, 142, 143, 447
447, 319, 320, 143
447, 319, 142, 143
450, 143, 134, 451
451, 320, 311, 134
451, 320, 143, 134
454, 134, 172, 455
455, 311, 349, 172
455, 311, 134, 172
458, 172, 135, 459
459, 349, 312, 135
459, 349, 172, 135
462, 135, 174, 463
463, 312, 351, 174
463, 312, 135, 174
466, 174, 176, 467
467, 351, 353, 176
467, 351, 174, 176
470, 176, 171, 471
471, 353, 348, 171
471, 353, 176, 171
474, 171, 170, 475
475, 348, 347, 170
475, 348, 171, 170
478, 170, 169, 479
479, 347, 346, 169
479, 347, 170, 169
482, 169, 168, 483
483, 346, 345, 168
483, 346, 169, 168
486, 168, 167, 487
487, 345, 344, 167
487, 345, 168, 167
490, 167, 166, 491
491, 344, 343, 166
491, 344, 167, 166
494, 166, 165, 495
495, 343, 342, 165
495, 343, 166, 165
498, 165, 164, 499
499, 342, 341, 164
499, 342, 165, 164
502, 164, 163, 503
503, 341, 340, 163
503, 341, 164, 163
506, 163, 175, 507
507, 340, 352, 175
507, 340, 163, 175
510, 175, 173, 511
511, 352, 350, 173
511, 352, 175, 173
514, 173, 136, 515
515, 350, 313, 136
515, 350, 173, 136
518, 136, 129, 519
519, 313, 306, 129
519, 313, 136, 129
522, 129, 130, 523
523, 306, 307, 130
523, 306, 129, 130
526, 130, 124, 527
527, 307, 301, 124
527, 307, 130, 124
530, 124, 125, 531
531, 301, 302, 125
531, 301, 124, 125
534, 125, 120, 535
535, 302, 297, 120
535, 302, 125, 120
538, 120, 121, 539
539, 297, 298, 121
539, 297, 120, 121
542, 121, 116, 543
543, 298, 293, 116
543, 298, 121, 116
546, 116, 117, 547
547, 293, 294, 117
547, 293, 116, 117
550, 117, 113, 551
551, 294, 290, 113
551, 294, 117, 113
554, 113, 109, 555
555, 290, 286, 109
555, 290, 113, 109
558, 109, 110, 559
559, 286, 287, 110
559, 286, 109, 110
562, 110, 106, 563
563, 287, 283, 106
563, 287, 110, 106
566, 106, 107, 567
567, 283, 284, 107
567, 283, 106, 107
570, 107, 103, 571
571, 284, 280, 103
571, 284, 107, 103
574, 103, 99, 575
575, 280, 276, 99
575, 280, 103, 99
578, 99, 100, 579
579, 276, 277, 100
579, 276, 99, 100
582, 100, 96, 583
583, 277, 273, 96
583, 277, 100, 96
586, 96, 97, 587
587, 273, 274, 97
587, 273, 96, 97
590, 97, 92, 591
591, 274, 269, 92
591, 274, 97, 92
594, 92, 93, 595
595, 269, 270, 93
595, 269, 92, 93
598, 93, 89, 599
599, 270, 266, 89
599, 270, 93, 89
602, 89, 87, 603
603, 266, 264, 87
603, 266, 89, 87
606, 87, 84, 607
607, 264, 261, 84
607, 264, 87, 84
610, 84, 81, 611
611, 261, 258, 81
611, 261, 84, 81
614, 81, 79, 615
615, 258, 256, 79
615, 258, 81, 79
618, 79, 76, 619
619, 256, 253, 76
619, 256, 79, 76
622, 76, 73, 623
623, 253, 250, 73
623, 253, 76, 73
626, 73, 71, 627
627, 250, 248, 71
627, 250, 73, 71
630, 71, 69, 631
631, 248, 246, 69
631, 248, 71, 69
634, 69, 66, 635
635, 246, 243, 66
635, 246, 69, 66
638, 66, 67, 639
639, 243, 244, 67
639, 243, 66, 67
642, 67, 62, 643
643, 244, 239, 62
643, 244, 67, 62
646, 62, 63, 647
647, 239, 240, 63
647, 239, 62, 63
650, 63, 59, 651
651, 240, 236, 59
651, 240, 63, 59
654, 59, 57, 655
655, 236, 234, 57
655, 236, 59, 57
658, 57, 55, 659
659, 234, 232, 55
659, 234, 57, 55
662, 55, 53, 663
663, 232, 230, 53
663, 232, 55, 53
666, 53, 51, 667
667, 230, 228, 51
667, 230, 53, 51
670, 51, 48, 671
671, 228, 225, 48
671, 228, 51, 48
674, 48, 45, 675
675, 225, 222, 45
675, 225, 48, 45
678, 45, 43, 679
679, 222, 220, 43
679, 222, 45, 43
682, 43, 41, 683
683, 220, 218, 41
683, 220, 43, 41
686, 41, 38, 687
687, 218, 215, 38
687, 218, 41, 38
690, 38, 34, 691
691, 215, 211, 34
691, 215, 38, 34
694, 34, 35, 695
695, 211, 212, 35
695, 211, 34, 35
698, 35, 31, 699
699, 212, 208, 31
699, 212, 35, 31
702, 31, 32, 703
703, 208, 209, 32
703, 208, 31, 32
706, 32, 28, 707
707, 209, 205, 28
707, 209, 32, 28
710, 28, 29, 711
711, 205, 206, 29
711, 205, 28, 29
714, 29, 25, 715
715, 206, 202, 25
715, 206, 29, 25
718, 25, 23, 719
719, 202, 200, 23
719, 202, 25, 23
722, 23, 21, 723
723, 200, 198, 21
723, 200, 23, 21
726, 21, 18, 727
727, 198, 195, 18
727, 198, 21, 18
730, 18, 15, 731
731, 195, 192, 15
731, 195, 18, 15
734, 15, 16, 735
735, 192, 193, 16
735, 192, 15, 16
738, 16, 11, 739
739, 193, 188, 11
739, 193, 16, 11
742, 11, 12, 743
743, 188, 189, 12
743, 188, 11, 12
746, 12, 8, 747
747, 189, 185, 8
747, 189, 12, 8
750, 8, 3, 751
751, 185, 180, 3
751, 185, 8, 3
754, 3, 4, 755
755, 180, 181, 4
755, 180, 3, 4
758, 4, 0, 759
759, 181, 177, 0
759, 181, 4, 0
762, 0, 1, 763
763, 177, 178, 1
763, 177, 0, 1
766, 1, 2, 767
767, 178, 179, 2
767, 178, 1, 2
770, 2, 5, 771
771, 179, 182, 5
771, 179, 2, 5
774, 5, 6, 775
775, 182, 183, 6
775, 182, 5, 6
778, 6, 7, 779
779, 183, 184, 7
779, 183, 6, 7
782, 7, 9, 783
783, 184, 186, 9
783, 184, 7, 9
786, 9, 10, 787
787, 186, 187, 10
787, 186, 9, 10
790, 10, 13, 791
791, 187, 190, 13
791, 187, 10, 13
794, 13, 14, 795
795, 190, 191, 14
795, 190, 13, 14
798, 14, 17, 799
799, 191, 194, 17
799, 191, 14, 17
802, 17, 19, 803
803, 194, 196, 19
803, 194, 17, 19
806, 19, 20, 807
807, 196, 197, 20
807, 196, 19, 20
810, 20, 22, 811
811, 197, 199, 22
811, 197, 20, 22
814, 22, 24, 815
815, 199, 201, 24
815, 199, 22, 24
818, 24, 26, 819
819, 201, 203, 26
819, 201, 24, 26
822, 26, 27, 823
823, 203, 204, 27
823, 203, 26, 27
826, 27, 30, 827
827, 204, 207, 30
827, 204, 27, 30
830, 30, 33, 831
831, 207, 210, 33
831, 207, 30, 33
834, 33, 36, 835
835, 210, 213, 36
835, 210, 33, 36
838, 36, 37, 839
839, 213, 214, 37
839, 213, 36, 37
842, 37, 39, 843
843, 214, 216, 39
843, 214, 37, 39
846, 39, 40, 847
847, 216, 217, 40
847, 216, 39, 40
850, 40, 42, 851
851, 217, 219, 42
851, 217, 40, 42
854, 42, 44, 855
855, 219, 221, 44
855, 219, 42, 44
858, 44, 46, 859
859, 221, 223, 46
859, 221, 44, 46
862, 46, 47, 863
863, 223, 224, 47
863, 223, 46, 47
866, 47, 49, 867
867, 224, 226, 49
867, 224, 47, 49
870, 49, 50, 871
871, 226, 227, 50
871, 226, 49, 50
874, 50, 52, 875
875, 227, 229, 52
875, 227, 50, 52
878, 52, 54, 879
879, 229, 231, 54
879, 229, 52, 54
882, 54, 56, 883
883, 231, 233, 56
883, 231, 54, 56
886, 56, 58, 887
887, 233, 235, 58
887, 233, 56, 58
890, 58, 60, 891
891, 235, 237, 60
891, 235, 58, 60
894, 60, 61, 895
895, 237, 238, 61
895, 237, 60, 61
898, 61, 64, 899
899, 238, 241, 64
899, 238, 61, 64
902, 64, 65, 903
903, 241, 242, 65
903, 241, 64, 65
906, 65, 68, 907
907, 242, 245, 68
907, 242, 65, 68
910, 68, 70, 911
911, 245, 247, 70
911, 245, 68, 70
914, 70, 72, 915
915, 247, 249, 72
915, 247, 70, 72
918, 72, 74, 919
919, 249, 251, 74
919, 249, 72, 74
922, 74, 75, 923
923, 251, 252, 75
923, 251, 74, 75
926, 75, 77, 927
927, 252, 254, 77
927, 252, 75, 77
930, 77, 78, 931
931, 254, 255, 78
931, 254, 77, 78
934, 78, 80, 935
935, 255, 257, 80
935, 255, 78, 80
938, 80, 82, 939
939, 257, 259, 82
939, 257, 80, 82
942, 82, 83, 943
943, 259, 260, 83
943, 259, 82, 83
946, 83, 85, 947
947, 260, 262, 85
947, 260, 83, 85
950, 85, 86, 951
951, 262, 263, 86
951, 262, 85, 86
954, 86, 88, 955
955, 263, 265, 88
955, 263, 86, 88
958, 88, 90, 959
959, 265, 267, 90
959, 265, 88, 90
962, 90, 91, 963
963, 267, 268, 91
963, 267, 90, 91
966, 91, 94, 967
967, 268, 271, 94
967, 268, 91, 94
970, 94, 95, 971
971, 271, 272, 95
971, 271, 94, 95
974, 95, 98, 975
975, 272, 275, 98
975, 272, 95, 98
978, 98, 101, 979
979, 275, 278, 101
979, 275, 98, 101
982, 101, 102, 983
983, 278, 279, 102
983, 278, 101, 102
986, 102, 104, 987
987, 279, 281, 104
987, 279, 102, 104
990, 104, 105, 991
991, 281, 282, 105
991, 281, 104, 105
994, 105, 108, 995
995, 282, 285, 108
995, 282, 105, 108
998, 108, 111, 999
999, 285, 288, 111
999, 285, 108, 111
1002, 111, 112, 1003
1003, 288, 289, 112
1003, 288, 111, 112
1006, 112, 114, 1007
1007, 289, 291, 114
1007, 289, 112, 114
1010, 114, 115, 1011
1011, 291, 292, 115
1011, 291, 114, 115
1014, 115, 118, 1015
1015, 292, 295, 118
1015, 292, 115, 118
1018, 118, 119, 1019
1019, 295, 296, 119
1019, 295, 118, 119
1022, 119, 122, 1023
1023, 296, 299, 122
1023, 296, 119, 122
1026, 122, 123, 1027
1027, 299, 300, 123
1027, 299, 122, 123
1030, 123, 126, 1031
1031, 300, 303, 126
1031, 300, 123, 126
1034, 126, 127, 1035
1035, 303, 304, 127
1035, 303, 126, 127
1038, 127, 128, 1039
1039, 304, 305, 128
1039, 304, 127, 128
1042, 128, 131, 1043
1043, 305, 308, 131
1043, 305, 128, 131
1046, 131, 132, 1047
1047, 308, 309, 132
1047, 308, 131, 132
1050, 132, 133, 1051
1051, 309, 310, 133
1051, 309, 132, 133
1054, 133, 137, 1055
1055, 310, 314, 137
1055, 310, 133, 137
1058, 137, 138, 1059
1059, 314, 315, 138
1059, 314, 137, 138
354, 139, 356, 355
355, 316, 357, 356
355, 316, 139, 356
356, 139, 358, 359
357, 316, 359, 356
356, 139, 316, 359
358, 140, 360, 359
359, 317, 361, 360
359, 317, 140, 360
360, 140, 362, 363
361, 317, 363, 360
360, 140, 317, 363
362, 144, 364, 363
363, 321, 365, 364
363, 321, 144, 364
364, 144, 366, 367
365, 321, 367, 364
364, 144, 321, 367
366, 145, 368, 367
367, 322, 369, 368
367, 322, 145, 368
368, 145, 370, 371
369, 322, 371, 368
368, 145, 322, 371
370, 146, 372, 371
371, 323, 373, 372
371, 323, 146, 372
372, 146, 374, 375
373, 323, 375, 372
372, 146, 323, 375
374, 147, 376, 375
375, 324, 377, 376
375, 324, 147, 376
376, 147, 378, 379
377, 324, 379, 376
376, 147, 324, 379
378, 148, 380, 379
379, 325, 381, 380
379, 325, 148, 380
380, 148, 382, 383
381, 325, 383, 380
380, 148, 325, 383
382, 149, 384, 383
383, 326, 385, 384
383, 326, 149, 384
384, 149, 386, 387
385, 326, 387, 384
384, 149, 326, 387
386, 156, 388, 387
387, 333, 389, 388
387, 333, 156, 388
388, 156, 390, 391
389, 333, 391, 388
388, 156, 333, 391
390, 157, 392, 391
391, 334, 393, 392
391, 334, 157, 392
392, 157, 394, 395
393, 334, 395, 392
392, 157, 334, 395
394, 158, 396, 395
395, 335, 397, 396
395, 335, 158, 396
396, 158, 398, 399
397, 335, 399, 396
396, 158, 335, 399
398, 159, 400, 399
399, 336, 401, 400
399, 336, 159, 400
400, 159, 402, 403
401, 336, 403, 400
400, 159, 336, 403
402, 160, 404, 403
403, 337, 405, 404
403, 337, 160, 404
404, 160, 406, 407
405, 337, 407, 404
404, 160, 337, 407
406, 161, 408, 407
407, 338, 409, 408
407, 338, 161, 408
408, 161, 410, 411
409, 338, 411, 408
408, 161, 338, 411
410, 162, 412, 411
411, 339, 413, 412
411, 339, 162, 412
412, 162, 414, 415
413, 339, 415, 412
412, 162, 339, 415
414, 150, 416, 415
415, 327, 417, 416
415, 327, 150, 416
416, 150, 418, 419
417, 327, 419, 416
416, 150, 327, 419
418, 151, 420, 419
419, 328, 421, 420
419, 328, 151, 420
420, 151, 422, 423
421, 328, 423, 420
420, 151, 328, 423
422, 152, 424, 423
423, 329, 425, 424
423, 329, 152, 424
424, 152, 426, 427
425, 329, 427, 424
424, 152, 329, 427
426, 153, 428, 427
427, 330, 429, 428
427, 330, 153, 428
428, 153, 430, 431
429, 330, 431, 428
428, 153, 330, 431
430, 154, 432, 431
431, 331, 433, 432
431, 331, 154, 432
432, 154, 434, 435
433, 331, 435, 432
432, 154, 331, 435
434, 155, 436, 435
435, 332, 437, 436
435, 332, 155, 436
436, 155, 438, 439
437, 332, 439, 436
436, 155, 332, 439
438, 141, 440, 439
439, 318, 441, 440
439, 318, 141, 440
440, 141, 442, 443
441, 318, 443, 440
440, 141, 318, 443
442, 142, 444, 443
443, 319, 445, 444
443, 319, 142, 444
444, 142, 446, 447
445, 319, 447, 444
444, 142, 319, 447
446, 143, 448, 447
447, 320, 449, 448
447, 320, 143, 448
448, 143, 450, 451
449, 320, 451, 448
448, 143, 320, 451
450, 134, 452, 451
451, 311, 453, 452
451, 311, 134, 452
452, 134, 454, 455
453, 311, 455, 452
452, 134, 311, 455
454, 172, 456, 455
455, 349, 457, 456
455, 349, 172, 456
456, 172, 458, 459
457, 349, 459, 456
456, 172, 349, 459
458, 135, 460, 459
459, 312, 461, 460
459, 312, 135, 460
460, 135, 462, 463
461, 312, 463, 460
460, 135, 312, 463
462, 174, 464, 463
463, 351, 465, 464
463, 351, 174, 464
464, 174, 466, 467
465, 351, 467, 464
464, 174, 351, 467
466, 176, 468, 467
467, 353, 469, 468
467, 353, 176, 468
468, 176, 470, 471
469, 353, 471, 468
468, 176, 353, 471
470, 171, 472, 471
471, 348, 473, 472
471, 348, 171, 472
472, 171, 474, 475
473, 348, 475, 472
472, 171, 348, 475
474, 170, 476, 475
475, 347, 477, 476
475, 347, 170, 476
476, 170, 478, 479
477, 347, 479, 476
476, 170, 347, 479
478, 169, 480, 479
479, 346, 481, 480
479, 346, 169, 480
480, 169, 482, 483
481, 346, 483, 480
480, 169, 346, 483
482, 168, 484, 483
483, 345, 485, 484
483, 345, 168, 484
484, 168, 486, 487
485, 345, 487, 484
484, 168, 345, 487
486, 167, 488, 487
487, 344, 489, 488
487, 344, 167, 488
488, 167, 490, 491
489, 344, 491, 488
488, 167, 344, 491
490, 166, 492, 491
491, 343, 493, 492
491, 343, 166, 492
492, 166, 494, 495
493, 343, 495, 492
492, 166, 343, 495
494, 165, 496, 495
495, 342, 497, 496
495, 342, 165, 496
496, 165, 498, 499
497, 342, 499, 496
496, 165, 342, 499
498, 164, 500, 499
499, 341, 501, 500
499, 341, 164, 500
500, 164, 502, 503
501, 341, 503, 500
500, 164, 341, 503
502, 163, 504, 503
503, 340, 505, 504
503, 340, 163, 504
504, 163, 506, 507
505, 340, 507, 504
504, 163, 340, 507
506, 175, 508, 507
507, 352, 509, 508
507, 352, 175, 508
508, 175, 510, 511
509, 352, 511, 508
508, 175, 352, 511
510, 173, 512, 511
511, 350, 513, 512
511, 350, 173, 512
512, 173, 514, 515
513, 350, 515, 512
512, 173, 350, 515
514, 136, 516, 515
515, 313, 517, 516
515, 313, 136, 516
516, 136, 518, 519
517, 313, 519, 516
516, 136, 313, 519
518, 129, 520, 519
519, 306, 521, 520
519, 306, 129, 520
520, 129, 522, 523
521, 306, 523, 520
520, 129, 306, 523
522, 130, 524, 523
523, 307, 525, 524
523, 307, 130, 524
524, 130, 526, 527
525, 307, 527, 524
524, 130, 307, 527
526, 124, 528, 527
527, 301, 529, 528
527, 301, 124, 528
528, 124, 530, 531
529, 301, 531, 528
528, 124, 301, 531
530, 125, 532, 531
531, 302, 533, 532
531, 302, 125, 532
532, 125, 534, 535
533, 302, 535, 532
532, 125, 302, 535
534, 120, 536, 535
535, 297, 537, 536
535, 297, 120, 536
536, 120, 538, 539
537, 297, 539, 536
536, 120, 297, 539
538, 121, 540, 539
539, 298, 541, 540
539, 298, 121, 540
540, 121, 542, 543
541, 298, 543, 540
540, 121, 298, 543
542, 116, 544, 543
543, 293, 545, 544
543, 293, 116, 544
544, 116, 546, 547
545, 293, 547, 544
544, 116, 293, 547
546, 117, 548, 547
547, 294, 549, 548
547, 294, 117, 548
548, 117, 550, 551
549, 294, 551, 548
548, 117, 294, 551
550, 113, 552, 551
551, 290, 553, 552
551, 290, 113, 552
552, 113, 554, 555
553, 290, 555, 552
552, 113, 290, 555
554, 109, 556, 555
555, 286, 557, 556
555, 286, 109, 556
556, 109, 558, 559
557, 286, 559, 556
556, 109, 286, 559
558, 110, 560, 559
559, 287, 561, 560
559, 287, 110, 560
560, 110, 562, 563
561, 287, 563, 560
560, 110, 287, 563
562, 106, 564, 563
563, 283, 565, 564
563, 283, 106, 564
564, 106, 566, 567
565, 283, 567, 564
564, 106, 283, 567
566, 107, 568, 567
567, 284, 569, 568
567, 284, 107, 568
568, 107, 570, 571
569, 284, 571, 568
568, 107, 284, 571
570, 103, 572, 571
571, 280, 573, 572
571, 280, 103, 572
572, 103, 574, 575
573, 280, 575, 572
572, 103, 280, 575
574, 99, 576, 575
575, 276, 577, 576
575, 276, 99, 576
576, 99, 578, 579
577, 276, 579, 576
576, 99, 276, 579
578, 100, 580, 579
579, 277, 581, 580
579, 277, 100, 580
580, 100, 582, 583
581, 277, 583, 580
580, 100, 277, 583
582, 96, 584, 583
583, 273, 585, 584
583, 273, 96, 584
584, 96, 586, 587
585, 273, 587, 584
584, 96, 273, 587
586, 97, 588, 587
587, 274, 589, 588
587, 274, 97, 588
588, 97, 590, 591
589, 274, 591, 588
588, 97, 274, 591
590, 92, 592, 591
591, 269, 593, 592
591, 269, 92, 592
592, 92, 594, 595
593, 269, 595, 592
592, 92, 269, 595
594, 93, 596, 595
595, 270, 597, 596
595, 270, 93, 596
596, 93, 598, 599
597, 270, 599, 596
596, 93, 270, 599
598, 89, 600, 599
599, 266, 601, 600
599, 266, 89, 600
600, 89, 602, 603
601, 266, 603, 600
600, 89, 266, 603
602, 87, 604, 603
603, 264, 605, 604
603, 264, 87, 604
604, 87, 606, 607
605, 264, 607, 604
604, 87, 264, 607
606, 84, 608, 607
607, 261, 609, 608
607, 261, 84, 608
608, 84, 610, 611
609, 261, 611, 608
608, 84, 261, 611
610, 81, 612, 611
611, 258, 613, 612
611, 258, 81, 612
612, 81, 614, 615
613, 258, 615, 612
612, 81, 258, 615
614, 79, 616, 615
615, 256, 617, 616
615, 256, 79, 616
616, 79, 618, 619
617, 256, 619, 616
616, 79, 256, 619
618, 76, 620, 619
619, 253, 621, 620
619, 253, 76, 620
620, 76, 622, 623
621, 253, 623, 620
620, 76, 253, 623
622, 73, 624, 623
623, 250, 625, 624
623, 250, 73, 624
624, 73, 626, 627
625, 250, 627, 624
624, 73, 250, 627
626, 71, 628, 627
627, 248, 629, 628
627, 248, 71, 628
628, 71, 630, 631
629, 248, 631, 628
628, 71, 248, 631
630, 69, 632, 631
631, 246, 633, 632
631, 246, 69, 632
632, 69, 634, 635
633, 246, 635, 632
632, 69, 246, 635
634, 66, 636, 635
635, 243, 637, 636
635, 243, 66, 636
636, 66, 638, 639
637, 243, 639, 636
636, 66, 243, 639
638, 67, 640, 639
639, 244, 641, 640
639, 244, 67, 640
640, 67, 642, 643
641, 244, 643, 640
640, 67, 244, 643
642, 62, 644, 643
643, 239, 645, 644
643, 239, 62, 644
644, 62, 646, 647
645, 239, 647, 644
644, 62, 239, 647
646, 63, 648, 647
647, 240, 649, 648
647, 240, 63, 648
648, 63, 650, 651
649, 240, 651, 648
648, 63, 240, 651
650, 59, 652, 651
651, 236, 653, 652
651, 236, 59, 652
652, 59, 654, 655
653, 236, 655, 652
652, 59, 236, 655
654, 57, 656, 655
655, 234, 657, 656
655, 234, 57, 656
656, 57, 658, 659
657, 234, 659, 656
656, 57, 234, 659
658, 55, 660, 659
659, 232, 661, 660
659, 232, 55, 660
660, 55, 662, 663
661, 232, 663, 660
660, 55, 232, 663
662, 53, 664, 663
663, 230, 665, 664
663, 230, 53, 664
664, 53, 666, 667
665, 230, 667, 664
664, 53, 230, 667
666, 51, 668, 667
667, 228, 669, 668
667, 228, 51, 668
668, 51, 670, 671
669, 228, 671, 668
668, 51, 228, 671
670, 48, 672, 671
671, 225, 673, 672
671, 225, 48, 672
672, 48, 674, 675
673, 225, 675, 672
672, 48, 225, 675
674, 45, 676, 675
675, 222, 677, 676
675, 222, 45, 676
676, 45, 678, 679
677, 222, 679, 676
676, 45, 222, 679
678, 43, 680, 679
679, 220, 681, 680
679, 220, 43, 680
680, 43, 682, 683
681, 220, 683, 680
680, 43, 220, 683
682, 41, 684, 683
683, 218, 685, 684
683, 218, 41, 684
684, 41, 686, 687
685, 218, 687, 684
684, 41, 218, 687
686, 38, 688, 687
687, 215, 689, 688
687, 215, 38, 688
688, 38, 690, 691
689, 215, 691, 688
688, 38, 215, 691
690, 34, 692, 691
691, 211, 693, 692
691, 211, 34, 692
692, 34, 694, 695
693, 211, 695, 692
692, 34, 211, 695
694, 35, 696, 695
695, 212, 697, 696
695, 212, 35, 696
696, 35, 698, 699
697, 212, 699, 696
696, 35, 212, 699
698, 31, 700, 699
699, 208, 701, 700
699, 208, 31, 700
700, 31, 702, 703
701, 208, 703, 700
700, 31, 208, 703
702, 32, 704, 703
703, 209, 705, 704
703, 209, 32, 704
704, 32, 706, 707
705, 209, 707, 704
704, 32, 209, 707
706, 28, 708, 707
707, 205, 709, 708
707, 205, 28, 708
708, 28, 710, 711
709, 205, 711, 708
708, 28, 205, 711
710, 29, 712, 711
711, 206, 713, 712
711, 206, 29, 712
712, 29, 714, 715
713, 206, 715, 712
712, 29, 206, 715
714, 25, 716, 715
715, 202, 717, 716
715, 202, 25, 716
716, 25, 718, 719
717, 202, 719, 716
716, 25, 202, 719
718, 23, 720, 719
719, 200, 721, 720
719, 200, 23, 720
720, 23, 722, 723
721, 200, 723, 720
720, 23, 200, 723
722, 21, 724, 723
723, 198, 725, 724
723, 198, 21, 724
724, 21, 726, 727
725, 198, 727, 724
724, 21, 198, 727
726, 18, 728, 727
727, 195, 729, 728
727, 195, 18, 728
728, 18, 730, 731
729, 195, 731, 728
728, 18, 195, 731
730, 15, 732, 731
731, 192, 733, 732
731, 192, 15, 732
732, 15, 734, 735
733, 192, 735, 732
732, 15, 192, 735
734, 16, 736, 735
735, 193, 737, 736
735, 193, 16, 736
736, 16, 738, 739
737, 193, 739, 736
736, 16, 193, 739
738, 11, 740, 739
739, 188, 741, 740
739, 188, 11, 740
740, 11, 742, 743
741, 188, 743, 740
740, 11, 188, 743
742, 12, 744, 743
743, 189, 745, 744
743, 189, 12, 744
744, 12, 746, 747
745, 189, 747, 744
744, 12, 189, 747
746, 8, 748, 747
747, 185, 749, 748
747, 185, 8, 748
748, 8, 750, 751
749, 185, 751, 748
748, 8, 185, 751
750, 3, 752, 751
751, 180, 753, 752
751, 180, 3, 752
752, 3, 754, 755
753, 180, 755, 752
752, 3, 180, 755
754, 4, 756, 755
755, 181, 757, 756
755, 181, 4, 756
756, 4, 758, 759
757, 181, 759, 756
756, 4, 181, 759
758, 0, 760, 759
759, 177, 761, 760
759, 177, 0, 760
760, 0, 762, 763
761, 177, 763, 760
760, 0, 177, 763
762, 1, 764, 763
763, 178, 765, 764
763, 178, 1, 764
764, 1, 766, 767
765, 178, 767, 764
764, 1, 178, 767
766, 2, 768, 767
767, 179, 769, 768
767, 179, 2, 768
768, 2, 770, 771
769, 179, 771, 768
768, 2, 179, 771
770, 5, 772, 771
771, 182, 773, 772
771, 182, 5, 772
772, 5, 774, 775
773, 182, 775, 772
772, 5, 182, 775
774, 6, 776, 775
775, 183, 777, 776
775, 183, 6, 776
776, 6, 778, 779
777, 183, 779, 776
776, 6, 183, 779
778, 7, 780, 779
779, 184, 781, 780
779, 184, 7, 780
780, 7, 782, 783
781, 184, 783, 780
780, 7, 184, 783
782, 9, 784, 783
783, 186, 785, 784
783, 186, 9, 784
784, 9, 786, 787
785, 186, 787, 784
784, 9, 186, 787
786, 10, 788, 787
787, 187, 789, 788
787, 187, 10, 788
788, 10, 790, 791
789, 187, 791, 788
788, 10, 187, 791
790, 13, 792, 791
791, 190, 793, 792
791, 190, 13, 792
792, 13, 794, 795
793, 190, 795, 792
792, 13, 190, 795
794, 14, 796, 795
795, 191, 797, 796
795, 191, 14, 796
796, 14, 798, 799
797, 191, 799, 796
796, 14, 191, 799
798, 17, 800, 799
799, 194, 801, 800
799, 194, 17, 800
800, 17, 802, 803
801, 194, 803, 800
800, 17, 194, 803
802, 19, 804, 803
803, 196, 805, 804
803, 196, 19, 804
804, 19, 806, 807
805, 196, 807, 804
804, 19, 196, 807
806, 20, 808, 807
807, 197, 809, 808
807, 197, 20, 808
808, 20, 810, 811
809, 197, 811, 808
808, 20, 197, 811
810, 22, 812, 811
811, 199, 813, 812
811, 199, 22, 812
812, 22, 814, 815
813, 199, 815, 812
812, 22, 199, 815
814, 24, 816, 815
815, 201, 817, 816
815, 201, 24, 816
816, 24, 818, 819
817, 201, 819, 816
816, 24, 201, 819
818, 26, 820, 819
819, 203, 821, 820
819, 203, 26, 820
820, 26, 822, 823
821, 203, 823, 820
820, 26, 203, 823
822, 27, 824, 823
823, 204, 825, 824
823, 204, 27, 824
824, 27, 826, 827
825, 204, 827, 824
824, 27, 204, 827
826, 30, 828, 827
827, 207, 829, 828
827, 207, 30, 828
828, 30, 830, 831
829, 207, 831, 828
828, 30, 207, 831
830, 33, 832, 831
831, 210, 833, 832
831, 210, 33, 832
832, 33, 834, 835
833, 210, 835, 832
832, 33, 210, 835
834, 36, 836, 835
835, 213, 837, 836
835, 213, 36, 836
836, 36, 838, 839
837, 213, 839, 836
836, 36, 213, 839
838, 37, 840, 839
839, 214, 841, 840
839, 214, 37, 840
840, 37, 842, 843
841, 214, 843, 840
840, 37, 214, 843
842, 39, 844, 843
843, 216, 845, 844
843, 216, 39, 844
844, 39, 846, 847
845, 216, 847, 844
844, 39, 216, 847
846, 40, 848, 847
847, 217, 849, 848
847, 217, 40, 848
848, 40, 850, 851
849, 217, 851, 848
848, 40, 217, 851
850, 42, 852, 851
851, 219, 853, 852
851, 219, 42, 852
852, 42, 854, 855
853, 219, 855, 852
852, 42, 219, 855
854, 44, 856, 855
855, 221, 857, 856
855, 221, 44, 856
856, 44, 858, 859
857, 221, 859, 856
856, 44, 221, 859
858, 46, 860, 859
859, 223, 861, 860
859, 223, 46, 860
860, 46, 862, 863
861, 223, 863, 860
860, 46, 223, 863
862, 47, 864, 863
863, 224, 865, 864
863, 224, 47, 864
864, 47, 866, 867
865, 224, 867, 864
864, 47, 224, 867
866, 49, 868, 867
867, 226, 869, 868
867, 226, 49, 868
868, 49, 870, 871
869, 226, 871, 868
868, 49, 226, 871
870, 50, 872, 871
871, 227, 873, 872
871, 227, 50, 872
872, 50, 874, 875
873, 227, 875, 872
872, 50, 227, 875
874, 52, 876, 875
875, 229, 877, 876
875, 229, 52, 876
876, 52, 878, 879
877, 229, 879, 876
876, 52, 229, 879
878, 54, 880, 879
879, 231, 881, 880
879, 231, 54, 880
880, 54, 882, 883
881, 231, 883, 880
880, 54, 231, 883
882, 56, 884, 883
883, 233, 885, 884
883, 233, 56, 884
884, 56, 886, 887
885, 233, 887, 884
884, 56, 233, 887
886, 58, 888, 887
887, 235, 889, 888
887, 235, 58, 888
888, 58, 890, 891
889, 235, 891, 888
888, 58, 235, 891
890, 60, 892, 891
891, 237, 893, 892
891, 237, 60, 892
892, 60, 894, 895
893, 237, 895, 892
892, 60, 237, 895
894, 61, 896, 895
895, 238, 897, 896
895, 238, 61, 896
896, 61, 898, 899
897, 238, 899, 896
896, 61, 238, 899
898, 64, 900, 899
899, 241, 901, 900
899, 241, 64, 900
900, 64, 902, 903
901, 241, 903, 900
900, 64, 241, 903
902, 65, 904, 903
903, 242, 905, 904
903, 242, 65, 904
904, 65, 906, 907
905, 242, 907, 904
904, 65, 242, 907
906, 68, 908, 907
907, 245, 909, 908
907, 245, 68, 908
908, 68, 910, 911
909, 245, 911, 908
908, 68, 245, 911
910, 70, 912, 911
911, 247, 913, 912
911, 247, 70, 912
912, 70, 914, 915
913, 247, 915, 912
912, 70, 247, 915
914, 72, 916, 915
915, 249, 917, 916
915, 249, 72, 916
916, 72, 918, 919
917, 249, 919, 916
916, 72, 249, 919
918, 74, 920, 919
919, 251, 921, 920
919, 251, 74, 920
920, 74, 922, 923
921, 251, 923, 920
920, 74, 251, 923
922, 75, 924, 923
923, 252, 925, 924
923, 252, 75, 924
924, 75, 926, 927
925, 252, 927, 924
924, 75, 252, 927
926, 77, 928, 927
927, 254, 929, 928
927, 254, 77, 928
928, 77, 930, 931
929, 254, 931, 928
928, 77, 254, 931
930, 78, 932, 931
931, 255, 933, 932
931, 255, 78, 932
932, 78, 934, 935
933, 255, 935, 932
932, 78, 255, 935
934, 80, 936, 935
935, 257, 937, 936
935, 257, 80, 936
936, 80, 938, 939
937, 257, 939, 936
936, 80, 257, 939
938, 82, 940, 939
939, 259, 941, 940
939, 259, 82, 940
940, 82, 942, 943
941, 259, 943, 940
940, 82, 259, 943
942, 83, 944, 943
943, 260, 945, 944
943, 260, 83, 944
944, 83, 946, 947
945, 260, 947, 944
944, 83, 260, 947
946, 85, 948, 947
947, 262, 949, 948
947, 262, 85, 948
948, 85, 950, 951
949, 262, 951, 948
948, 85, 262, 951
950, 86, 952, 951
951, 263, 953, 952
951, 263, 86, 952
952, 86, 954, 955
953, 263, 955, 952
952, 86, 263, 955
954, 88, 956, 955
955, 265, 957, 956
955, 265, 88, 956
956, 88, 958, 959
957, 265, 959, 956
956, 88, 265, 959
958, 90, 960, 959
959, 267, 961, 960
959, 267, 90, 960
960, 90, 962, 963
961, 267, 963, 960
960, 90, 267, 963
962, 91, 964, 963
963, 268, 965, 964
963, 268, 91, 964
964, 91, 966, 967
965, 268, 967, 964
964, 91, 268, 967
966, 94, 968, 967
967, 271, 969, 968
967, 271, 94, 968
968, 94, 970, 971
969, 271, 971, 968
968, 94, 271, 971
970, 95, 972, 971
971, 272, 973, 972
971, 272, 95, 972
972, 95, 974, 975
973, 272, 975, 972
972, 95, 272, 975
974, 98, 976, 975
975, 275, 977, 976
975, 275, 98, 976
976, 98, 978, 979
977, 275, 979, 976
976, 98, 275, 979
978, 101, 980, 979
979, 278, 981, 980
979, 278, 101, 980
980, 101, 982, 983
981, 278, 983, 980
980, 101, 278, 983
982, 102, 984, 983
983, 279, 985, 984
983, 279, 102, 984
984, 102, 986, 987
985, 279, 987, 984
984, 102, 279, 987
986, 104, 988, 987
987, 281, 989, 988
987, 281, 104, 988
988, 104, 990, 991
989, 281, 991, 988
988, 104, 281, 991
990, 105, 992, 991
991, 282, 993, 992
991, 282, 105, 992
992, 105, 994, 995
993, 282, 995, 992
992, 105, 282, 995
994, 108, 996, 995
995, 285, 997, 996
995, 285, 108, 996
996, 108, 998, 999
997, 285, 999, 996
996, 108, 285, 999
998, 111, 1000, 999
999, 288, 1001, 1000
999, 288, 111, 1000
1000, 111, 1002, 1003
1001, 288, 1003, 1000
1000, 111, 288, 1003
1002, 112, 1004, 1003
1003, 289, 1005, 1004
1003, 289, 112, 1004
1004, 112, 1006, 1007
1005, 289, 1007, 1004
1004, 112, 289, 1007
1006, 114, 1008, 1007
1007, 291, 1009, 1008
1007, 291, 114, 1008
1008, 114, 1010, 1011
1009, 291, 1011, 1008
1008, 114, 291, 1011
1010, 115, 1012, 1011
1011, 292, 1013, 1012
1011, 292, 115, 1012
1012, 115, 1014, 1015
1013, 292, 1015, 1012
1012, 115, 292, 1015
1014, 118, 1016, 1015
1015, 295, 1017, 1016
1015, 295, 118, 1016
1016, 118, 1018, 1019
1017, 295, 1019, 1016
1016, 118, 295, 1019
1018, 119, 1020, 1019
1019, 296, 1021, 1020
1019, 296, 119, 1020
1020, 119, 1022, 1023
1021, 296, 1023, 1020
1020, 119, 296, 1023
1022, 122, 1024, 1023
1023, 299, 1025, 1024
1023, 299, 122, 1024
1024, 122, 1026, 1027
1025, 299, 1027, 1024
1024, 122, 299, 1027
1026, 123, 1028, 1027
1027, 300, 1029, 1028
1027, 300, 123, 1028
1028, 123, 1030, 1031
1029, 300, 1031, 1028
1028, 123, 300, 1031
1030, 126, 1032, 1031
1031, 303, 1033, 1032
1031, 303, 126, 1032
1032, 126, 1034, 1035
1033, 303, 1035, 1032
1032, 126, 303, 1035
1034, 127, 1036, 1035
1035, 304, 1037, 1036
1035, 304, 127, 1036
1036, 127, 1038, 1039
1037, 304, 1039, 1036
1036, 127, 304, 1039
1038, 128, 1040, 1039
1039, 305, 1041, 1040
1039, 305, 128, 1040
1040, 128, 1042, 1043
1041, 305, 1043, 1040
1040, 128, 305, 1043
1042, 131, 1044, 1043
1043, 308, 1045, 1044
1043, 308, 131, 1044
1044, 131, 1046, 1047
1045, 308, 1047, 1044
1044, 131, 308, 1047
1046, 132, 1048, 1047
1047, 309, 1049, 1048
1047, 309, 132, 1048
1048, 132, 1050, 1051
1049, 309, 1051, 1048
1048, 132, 309, 1051
1050, 133, 1052, 1051
1051, 310, 1053, 1052
1051, 310, 133, 1052
1052, 133, 1054, 1055
1053, 310, 1055, 1052
1052, 133, 310, 1055
1054, 137, 1056, 1055
1055, 314, 1057, 1056
1055, 314, 137, 1056
1056, 137, 1058, 1059
1057, 314, 1059, 1056
1056, 137, 314, 1059
1058, 138, 1060, 1059
1059, 315, 1061, 1060
1059, 315, 138, 1060
1060, 138, 354, 355
1061, 315, 355, 1060
1060, 138, 315, 355
1062, 354, 356, 1063
1063, 355, 357, 356
1063, 355, 354, 356
356, 358, 1066, 359
357, 359, 1067, 1066
356, 1066, 357, 359
1070, 358, 360, 1071
1071, 359, 361, 360
1071, 359, 358, 360
360, 362, 1074, 363
361, 363, 1075, 1074
360, 1074, 361, 363
1078, 362, 364, 1079
1079, 363, 365, 364
1079, 363, 362, 364
364, 366, 1082, 367
365, 367, 1083, 1082
364, 1082, 365, 367
1086, 366, 368, 1087
1087, 367, 369, 368
1087, 367, 366, 368
368, 370, 1090, 371
369, 371, 1091, 1090
368, 1090, 369, 371
1094, 370, 372, 1095
1095, 371, 373, 372
1095, 371, 370, 372
372, 374, 1098, 375
373, 375, 1099, 1098
372, 1098, 373, 375
1102, 374, 376, 1103
1103, 375, 377, 376
1103, 375, 374, 376
376, 378, 1106, 379
377, 379, 1107, 1106
376, 1106, 377, 379
1110, 378, 380, 1111
1111, 379, 381, 380
1111, 379, 378, 380
380, 382, 1114, 383
381, 383, 1115, 1114
380, 1114, 381, 383
1118, 382, 384, 1119
1119, 383, 385, 384
1119, 383, 382, 384
384, 386, 1122, 387
385, 387, 1123, 1122
384, 1122, 385, 387
1126, 386, 388, 1127
1127, 387, 389, 388
1127, 387, 386, 388
388, 390, 1130, 391
389, 391, 1131, 1130
388, 1130, 389, 391
1134, 390, 392, 1135
1135, 391, 393, 392
1135, 391, 390, 392
392, 394, 1138, 395
393, 395, 1139, 1138
392, 1138, 393, 395
1142, 394, 396, 1143
1143, 395, 397, 396
1143, 395, 394, 396
396, 398, 1146, 399
397, 399, 1147, 1146
396, 1146, 397, 399
1150, 398, 400, 1151
1151, 399, 401, 400
1151, 399, 398, 400
400, 402, 1154, 403
401, 403, 1155, 1154
400, 1154, 401, 403
1158, 402, 404, 1159
1159, 403, 405, 404
1159, 403, 402, 404
404, 406, 1162, 407
405, 407, 1163, 1162
404, 1162, 405, 407
1166, 406, 408, 1167
1167, 407, 409, 408
1167, 407, 406, 408
408, 410, 1170, 411
409, 411, 1171, 1170
408, 1170, 409, 411
1174, 410, 412, 1175
1175, 411, 413, 412
1175, 411, 410, 412
412, 414, 1178, 415
413, 415, 1179, 1178
412, 1178, 413, 415
1182, 414, 416, 1183
1183, 415, 417, 416
1183, 415, 414, 416
416, 418, 1186, 419
417, 419, 1187, 1186
416, 1186, 417, 419
1190, 418, 420, 1191
1191, 419, 421, 420
1191, 419, 418, 420
420, 422, 1194, 423
421, 423, 1195, 1194
420, 1194, 421, 423
1198, 422, 424, 1199
1199, 423, 425, 424
1199, 423, 422, 424
424, 426, 1202, 427
425, 427, 1203, 1202
424, 1202, 425, 427
1206, 426, 428, 1207
1207, 427, 429, 428
1207, 427, 426, 428
428, 430, 1210, 431
429, 431, 1211, 1210
428, 1210, 429, 431
1214, 430, 432, 1215
1215, 431, 433, 432
1215, 431, 430, 432
432, 434, 1218, 435
433, 435, 1219, 1218
432, 1218, 433, 435
1222, 434, 436, 1223
1223, 435, 437, 436
1223, 435, 434, 436
436, 438, 1226, 439
437, 439, 1227, 1226
436, 1226, 437, 439
1230, 438, 440, 1231
1231, 439, 441, 440
1231, 439, 438, 440
440, 442, 1234, 443
441, 443, 1235, 1234
440, 1234, 441, 443
1238, 442, 444, 1239
1239, 443, 445, 444
1239, 443, 442, 444
444, 446, 1242, 447
445, 447, 1243, 1242
444, 1242, 445, 447
1246, 446, 448, 1247
1247, 447, 449, 448
1247, 447, 446, 448
448, 450, 1250, 451
449, 451, 1251, 1250
448, 1250, 449, 451
1254, 450, 452, 1255
1255, 451, 453, 452
1255, 451, 450, 452
452, 454, 1258, 455
453, 455, 1259, 1258
452, 1258, 453, 455
1262, 454, 456, 1263
1263, 455, 457, 456
1263, 455, 454, 456
456, 458, 1266, 459
457, 459, 1267, 1266
456, 1266, 457, 459
1270, 458, 460, 1271
1271, 459, 461, 460
1271, 459, 458, 460
460, 462, 1274, 463
461, 463, 1275, 1274
460, 1274, 461, 463
1278, 462, 464, 1279
1279, 463, 465, 464
1279, 463, 462, 464
464, 466, 1282, 467
465, 467, 1283, 1282
464, 1282, 465, 467
1286, 466, 468, 1287
1287, 467, 469, 468
1287, 467, 466, 468
468, 470, 1290, 471
469, 471, 1291, 1290
468, 1290, 469, 471
1294, 470, 472, 1295
1295, 471, 473, 472
1295, 471, 470, 472
472, 474, 1298, 475
473, 475, 1299, 1298
472, 1298, 473, 475
1302, 474, 476, 1303
1303, 475, 477, 476
1303, 475, 474, 476
476, 478, 1306, 479
477, 479, 1307, 1306
476, 1306, 477, 479
1310, 478, 480, 1311
1311, 479, 481, 480
1311, 479, 478, 480
480, 482, 1314, 483
481, 483, 1315, 1314
480, 1314, 481, 483
1318, 482, 484, 1319
1319, 483, 485, 484
1319, 483, 482, 484
484, 486, 1322, 487
485, 487, 1323, 1322
484, 1322, 485, 487
1326, 486, 488, 1327
1327, 487, 489, 488
1327, 487, 486, 488
488, 490, 1330, 491
489, 491, 1331, 1330
488, 1330, 489, 491
1334, 490, 492, 1335
1335, 491, 493, 492
1335, 491, 490, 492
492, 494, 1338, 495
493, 495, 1339, 1338
492, 1338, 493, 495
1342, 494, 496, 1343
1343, 495, 497, 496
1343, 495, 494, 496
496, 498, 1346, 499
497, 499, 1347, 1346
496, 1346, 497, 499
1350, 498, 500, 1351
1351, 499, 501, 500
1351, 499, 498, 500
500, 502, 1354, 503
501, 503, 1355, 1354
500, 1354, 501, 503
1358, 502, 504, 1359
1359, 503, 505, 504
1359, 503, 502, 504
504, 506, 1362, 507
505, 507, 1363, 1362
504, 1362, 505, 507
1366, 506, 508, 1367
1367, 507, 509, 508
1367, 507, 506, 508
508, 510, 1370, 511
509, 511, 1371, 1370
508, 1370, 509, 511
1374, 510, 512, 1375
1375, 511, 513, 512
1375, 511, 510, 512
512, 514, 1378, 515
513, 515, 1379, 1378
512, 1378, 513, 515
1382, 514, 516, 1383
1383, 515, 517, 516
1383, 515, 514, 516
516, 518, 1386, 519
517, 519, 1387, 1386
516, 1386, 517, 519
1390, 518, 520, 1391
1391, 519, 521, 520
1391, 519, 518, 520
520, 522, 1394, 523
521, 523, 1395, 1394
520, 1394, 521, 523
1398, 522, 524, 1399
1399, 523, 525, 524
1399, 523, 522, 524
524, 526, 1402, 527
525, 527, 1403, 1402
524, 1402, 525, 527
1406, 526, 528, 1407
1407, 527, 529, 528
1407, 527, 526, 528
528, 530, 1410, 531
529, 531, 1411, 1410
528, 1410, 529, 531
1414, 530, 532, 1415
1415, 531, 533, 532
1415, 531, 530, 532
532, 534, 1418, 535
533, 535, 1419, 1418
532, 1418, 533, 535
1422, 534, 536, 1423
1423, 535, 537, 536
1423, 535, 534, 536
536, 538, 1426, 539
537, 539, 1427, 1426
536, 1426, 537, 539
1430, 538, 540, 1431
1431, 539, 541, 540
1431, 539, 538, 540
540, 542, 1434, 543
541, 543, 1435, 1434
540, 1434, 541, 543
1438, 542, 544, 1439
1439, 543, 545, 544
1439, 543, 542, 544
544, 546, 1442, 547
545, 547, 1443, 1442
544, 1442, 545, 547
1446, 546, 548, 1447
1447, 547, 549, 548
1447, 547, 546, 548
548, 550, 1450, 551
549, 551, 1451, 1450
548, 1450, 549, 551
1454, 550, 552, 1455
1455, 551, 553, 552
1455, 551, 550, 552
552, 554, 1458, 555
553, 555, 1459, 1458
552, 1458, 553, 555
1462, 554, 556, 1463
1463, 555, 557, 556
1463, 555, 554, 556
556, 558, 1466, 559
557, 559, 1467, 1466
556, 1466, 557, 559
1470, 558, 560, 1471
1471, 559, 561, 560
1471, 559, 558, 560
560, 562, 1474, 563
561, 563, 1475, 1474
560, 1474, 561, 563
1478, 562, 564, 1479
1479, 563, 565, 564
1479, 563, 562, 564
564, 566, 1482, 567
565, 567, 1483, 1482
564, 1482, 565, 567
1486, 566, 568, 1487
1487, 567, 569, 568
1487, 567, 566, 568
568, 570, 1490, 571
569, 571, 1491, 1490
568, 1490, 569, 571
1494, 570, 572, 1495
1495, 571, 573, 572
1495, 571, 570, 572
572, 574, 1498, 575
573, 575, 1499, 1498
572, 1498, 573, 575
1502, 574, 576, 1503
1503, 575, 577, 576
1503, 575, 574, 576
576, 578, 1506, 579
577, 579, 1507, 1506
576, 1506, 577, 579
1510, 578, 580, 1511
1511, 579, 581, 580
1511, 579, 578, 580
580, 582, 1514, 583
581, 583, 1515, 1514
580, 1514, 581, 583
1518, 582, 584, 1519
1519, 583, 585, 584
1519, 583, 582, 584
584, 586, 1522, 587
585, 587, 1523, 1522
584, 1522, 585, 587
1526, 586, 588, 1527
1527, 587, 589, 588
1527, 587, 586, 588
588, 590, 1530, 591
589, 591, 1531, 1530
588, 1530, 589, 591
1534, 590, 592, 1535
1535, 591, 593, 592
1535, 591, 590, 592
592, 594, 1538, 595
593, 595, 1539, 1538
592, 1538, 593, 595
1542, 594, 596, 1543
1543, 595, 597, 596
1543, 595, 594, 596
596, 598, 1546, 599
597, 599, 1547, 1546
596, 1546, 597, 599
1550, 598, 600, 1551
1551, 599, 601, 600
1551, 599, 598, 600
600, 602, 1554, 603
601, 603, 1555, 1554
600, 1554, 601, 603
1558, 602, 604, 1559
1559, 603, 605, 604
1559, 603, 602, 604
604, 606, 1562, 607
605, 607, 1563, 1562
604, 1562, 605, 607
1566, 606, 608, 1567
1567, 607, 609, 608
1567, 607, 606, 608
608, 610, 1570, 611
609, 611, 1571, 1570
608, 1570, 609, 611
1574, 610, 612, 1575
1575, 611, 613, 612
1575, 611, 610, 612
612, 614, 1578, 615
613, 615, 1579, 1578
612, 1578, 613, 615
1582, 614, 616, 1583
1583, 615, 617, 616
1583, 615, 614, 616
616, 618, 1586, 619
617, 619, 1587, 1586
616, 1586, 617, 619
1590, 618, 620, 1591
1591, 619, 621, 620
1591, 619, 618, 620
620, 622, 1594, 623
621, 623, 1595, 1594
620, 1594, 621, 623
1598, 622, 624, 1599
1599, 623, 625, 624
1599, 623, 622, 624
624, 626, 1602, 627
625, 627, 1603, 1602
624, 1602, 625, 627
1606, 626, 628, 1607
1607, 627, 629, 628
1607, 627, 626, 628
628, 630, 1610, 631
629, 631, 1611, 1610
628, 1610, 629, 631
1614, 630, 632, 1615
1615, 631, 633, 632
1615, 631, 630, 632
632, 634, 1618, 635
633, 635, 1619, 1618
632, 1618, 633, 635
1622, 634, 636, 1623
1623, 635, 637, 636
1623, 635, 634, 636
636, 638, 1626, 639
637, 639, 1627, 1626
636, 1626, 637, 639
1630, 638, 640, 1631
1631, 639, 641, 640
1631, 639, 638, 640
640, 642, 1634, 643
641, 643, 1635, 1634
640, 1634, 641, 643
1638, 642, 644, 1639
1639, 643, 645, 644
1639, 643, 642, 644
644, 646, 1642, 647
645, 647, 1643, 1642
644, 1642, 645, 647
1646, 646, 648, 1647
1647, 647, 649, 648
1647, 647, 646, 648
648, 650, 1650, 651
649, 651, 1651, 1650
648, 1650, 649, 651
1654, 650, 652, 1655
1655, 651, 653, 652
1655, 651, 650, 652
652, 654, 1658, 655
653, 655, 1659, 1658
652, 1658, 653, 655
1662, 654, 656, 1663
1663, 655, 657, 656
1663, 655, 654, 656
656, 658, 1666, 659
657, 659, 1667, 1666
656, 1666, 657, 659
1670, 658, 660, 1671
1671, 659, 661, 660
1671, 659, 658, 660
660, 662, 1674, 663
661, 663, 1675, 1674
660, 1674, 661, 663
1678, 662, 664, 1679
1679, 663, 665, 664
1679, 663, 662, 664
664, 666, 1682, 667
665, 667, 1683, 1682
664, 1682, 665, 667
1686, 666, 668, 1687
1687, 667, 669, 668
1687, 667, 666, 668
668, 670, 1690, 671
669, 671, 1691, 1690
668, 1690, 669, 671
1694, 670, 672, 1695
1695, 671, 673, 672
1695, 671, 670, 672
672, 674, 1698, 675
673, 675, 1699, 1698
672, 1698, 673, 675
1702, 674, 676, 1703
1703, 675, 677, 676
1703, 675, 674, 676
676, 678, 1706, 679
677, 679, 1707, 1706
676, 1706, 677, 679
1710, 678, 680, 1711
1711, 679, 681, 680
1711, 679, 678, 680
680, 682, 1714, 683
681, 683, 1715, 1714
680, 1714, 681, 683
1718, 682, 684, 1719
1719, 683, 685, 684
1719, 683, 682, 684
684, 686, 1722, 687
685, 687, 1723, 1722
684, 1722, 685, 687
1726, 686, 688, 1727
1727, 687, 689, 688
1727, 687, 686, 688
688, 690, 1730, 691
689, 691, 1731, 1730
688, 1730, 689, 691
1734, 690, 692, 1735
1735, 691, 693, 692
1735, 691, 690, 692
692, 694, 1738, 695
693, 695, 1739, 1738
692, 1738, 693, 695
1742, 694, 696, 1743
1743, 695, 697, 696
1743, 695, 694, 696
696, 698, 1746, 699
697, 699, 1747, 1746
696, 1746, 697, 699
1750, 698, 700, 1751
1751, 699, 701, 700
1751, 699, 698, 700
700, 702, 1754, 703
701, 703, 1755, 1754
700, 1754, 701, 703
1758, 702, 704, 1759
1759, 703, 705, 704
1759, 703, 702, 704
704, 706, 1762, 707
705, 707, 1763, 1762
704, 1762, 705, 707
1766, 706, 708, 1767
1767, 707, 709, 708
1767, 707, 706, 708
708, 710, 1770, 711
709, 711, 1771, 1770
708, 1770, 709, 711
1774, 710, 712, 1775
1775, 711, 713, 712
1775, 711, 710, 712
712, 714, 1778, 715
713, 715, 1779, 1778
712, 1778, 713, 715
1782, 714, 716, 1783
1783, 715, 717, 716
1783, 715, 714, 716
716, 718, 1786, 719
717, 719, 1787, 1786
716, 1786, 717, 719
1790, 718, 720, 1791
1791, 719, 721, 720
1791, 719, 718, 720
720, 722, 1794, 723
721, 723, 1795, 1794
720, 1794, 721, 723
1798, 722, 724, 1799
1799, 723, 725, 724
1799, 723, 722, 724
724, 726, 1802, 727
725, 727, 1803, 1802
724, 1802, 725, 727
1806, 726, 728, 1807
1807, 727, 729, 728
1807, 727, 726, 728
728, 730, 1810, 731
729, 731, 1811, 1810
728, 1810, 729, 731
1814, 730, 732, 1815
1815, 731, 733, 732
1815, 731, 730, 732
732, 734, 1818, 735
733, 735, 1819, 1818
732, 1818, 733, 735
1822, 734, 736, 1823
1823, 735, 737, 736
1823, 735, 734, 736
736, 738, 1826, 739
737, 739, 1827, 1826
736, 1826, 737, 739
1830, 738, 740, 1831
1831, 739, 741, 740
1831, 739, 738, 740
740, 742, 1834, 743
741, 743, 1835, 1834
740, 1834, 741, 743
1838, 742, 744, 1839
1839, 743, 745, 744
1839, 743, 742, 744
744, 746, 1842, 747
745, 747, 1843, 1842
744, 1842, 745, 747
1846, 746, 748, 1847
1847, 747, 749, 748
1847, 747, 746, 748
748, 750, 1850, 751
749, 751, 1851, 1850
748, 1850, 749, 751
1854, 750, 752, 1855
1855, 751, 753, 752
1855, 751, 750, 752
752, 754, 1858, 755
753, 755, 1859, 1858
752, 1858, 753, 755
1862, 754, 756, 1863
1863, 755, 757, 756
1863, 755, 754, 756
756, 758, 1866, 759
757, 759, 1867, 1866
756, 1866, 757, 759
1870, 758, 760, 1871
1871, 759, 761, 760
1871, 759, 758, 760
760, 762, 1874, 763
761, 763, 1875, 1874
760, 1874, 761, 763
1878, 762, 764, 1879
1879, 763, 765, 764
1879, 763, 762, 764
764, 766, 1882, 767
765, 767, 1883, 1882
764, 1882, 765, 767
1886, 766, 768, 1887
1887, 767, 769, 768
1887, 767, 766, 768
768, 770, 1890, 771
769, 771, 1891, 1890
768, 1890, 769, 771
1894, 770, 772, 1895
1895, 771, 773, 772
1895, 771, 770, 772
772, 774, 1898, 775
773, 775, 1899, 1898
772, 1898, 773, 775
1902, 774, 776, 1903
1903, 775, 777, 776
1903, 775, 774, 776
776, 778, 1906, 779
777, 779, 1907, 1906
776, 1906, 777, 779
1910, 778, 780, 1911
1911, 779, 781, 780
1911, 779, 778, 780
780, 782, 1914, 783
781, 783, 1915, 1914
780, 1914, 781, 783
1918, 782, 784, 1919
1919, 783, 785, 784
1919, 783, 782, 784
784, 786, 1922, 787
785, 787, 1923, 1922
784, 1922, 785, 787
1926, 786, 788, 1927
1927, 787, 789, 788
1927, 787, 786, 788
788, 790, 1930, 791
789, 791, 1931, 1930
788, 1930, 789, 791
1934, 790, 792, 1935
1935, 791, 793, 792
1935, 791, 790, 792
792, 794, 1938, 795
793, 795, 1939, 1938
792, 1938, 793, 795
1942, 794, 796, 1943
1943, 795, 797, 796
1943, 795, 794, 796
796, 798, 1946, 799
797, 799, 1947, 1946
796, 1946, 797, 799
1950, 798, 800, 1951
1951, 799, 801, 800
1951, 799, 798, 800
800, 802, 1954, 803
801, 803, 1955, 1954
800, 1954, 801, 803
1958, 802, 804, 1959
1959, 803, 805, 804
1959, 803, 802, 804
804, 806, 1962, 807
805, 807, 1963, 1962
804, 1962, 805, 807
1966, 806, 808, 1967
1967, 807, 809, 808
1967, 807, 806, 808
808, 810, 1970, 811
809, 811, 1971, 1970
808, 1970, 809, 811
1974, 810, 812, 1975
1975, 811, 813, 812
1975, 811, 810, 812
812, 814, 1978, 815
813, 815, 1979, 1978
812, 1978, 813, 815
1982, 814, 816, 1983
1983, 815, 817, 816
1983, 815, 814, 816
816, 818, 1986, 819
817, 819, 1987, 1986
816, 1986, 817, 819
1990, 818, 820, 1991
1991, 819, 821, 820
1991, 819, 818, 820
820, 822, 1994, 823
821, 823, 1995, 1994
820, 1994, 821, 823
1998, 822, 824, 1999
1999, 823, 825, 824
1999, 823, 822, 824
824, 826, 2002, 827
825, 827, 2003, 2002
824, 2002, 825, 827
2006, 826, 828, 2007
2007, 827, 829, 828
2007, 827, 826, 828
828, 830, 2010, 831
829, 831, 2011, 2010
828, 2010, 829, 831
2014, 830, 832, 2015
2015, 831, 833, 832
2015, 831, 830, 832
832, 834, 2018, 835
833, 835, 2019, 2018
832, 2018, 833, 835
2022, 834, 836, 2023
2023, 835, 837, 836
2023, 835, 834, 836
836, 838, 2026, 839
837, 839, 2027, 2026
836, 2026, 837, 839
2030, 838, 840, 2031
2031, 839, 841, 840
2031, 839, 838, 840
840, 842, 2034, 843
841, 843, 2035, 2034
840, 2034, 841, 843
2038, 842, 844, 2039
2039, 843, 845, 844
2039, 843, 842, 844
844, 846, 2042, 847
845, 847, 2043, 2042
844, 2042, 845, 847
2046, 846, 848, 2047
2047, 847, 849, 848
2047, 847, 846, 848
848, 850, 2050, 851
849, 851, 2051, 2050
848, 2050, 849, 851
2054, 850, 852, 2055
2055, 851, 853, 852
2055, 851, 850, 852
852, 854, 2058, 855
853, 855, 2059, 2058
852, 2058, 853, 855
2062, 854, 856, 2063
2063, 855, 857, 856
2063, 855, 854, 856
856, 858, 2066, 859
857, 859, 2067, 2066
856, 2066, 857, 859
2070, 858, 860, 2071
2071, 859, 861, 860
2071, 859, 858, 860
860, 862, 2074, 863
861, 863, 2075, 2074
860, 2074, 861, 863
2078, 862, 864, 2079
2079, 863, 865, 864
2079, 863, 862, 864
864, 866, 2082, 867
865, 867, 2083, 2082
864, 2082, 865, 867
2086, 866, 868, 2087
2087, 867, 869, 868
2087, 867, 866, 868
868, 870, 2090, 871
869, 871, 2091, 2090
868, 2090, 869, 871
2094, 870, 872, 2095
2095, 871, 873, 872
2095, 871, 870, 872
872, 874, 2098, 875
873, 875, 2099, 2098
872, 2098, 873, 875
2102, 874, 876, 2103
2103, 875, 877, 876
2103, 875, 874, 876
876, 878, 2106, 879
877, 879, 2107, 2106
876, 2106, 877, 879
2110, 878, 880, 2111
2111, 879, 881, 880
2111, 879, 878, 880
880, 882, 2114, 883
881, 883, 2115, 2114
880, 2114, 881, 883
2118, 882, 884, 2119
2119, 883, 885, 884
2119, 883, 882, 884
884, 886, 2122, 887
885, 887, 2123, 2122
884, 2122, 885, 887
2126, 886, 888, 2127
2127, 887, 889, 888
2127, 887, 886, 888
888, 890, 2130, 891
889, 891, 2131, 2130
888, 2130, 889, 891
2134, 890, 892, 2135
2135, 891, 893, 892
2135, 891, 890, 892
892, 894, 2138, 895
893, 895, 2139, 2138
892, 2138, 893, 895
2142, 894, 896, 2143
2143, 895, 897, 896
2143, 895, 894, 896
896, 898, 2146, 899
897, 899, 2147, 2146
896, 2146, 897, 899
2150, 898, 900, 2151
2151, 899, 901, 900
2151, 899, 898, 900
900, 902, 2154, 903
901, 903, 2155, 2154
900, 2154, 901, 903
2158, 902, 904, 2159
2159, 903, 905, 904
2159, 903, 902, 904
904, 906, 2162, 907
905, 907, 2163, 2162
904, 2162, 905, 907
2166, 906, 908, 2167
2167, 907, 909, 908
2167, 907, 906, 908
908, 910, 2170, 911
909, 911, 2171, 2170
908, 2170, 909, 911
2174, 910, 912, 2175
2175, 911, 913, 912
2175, 911, 910, 912
912, 914, 2178, 915
913, 915, 2179, 2178
912, 2178, 913, 915
2182, 914, 916, 2183
2183, 915, 917, 916
2183, 915, 914, 916
916, 918, 2186, 919
917, 919, 2187, 2186
916, 2186, 917, 919
2190, 918, 920, 2191
2191, 919, 921, 920
2191, 919, 918, 920
920, 922, 2194, 923
921, 923, 2195, 2194
920, 2194, 921, 923
2198, 922, 924, 2199
2199, 923, 925, 924
2199, 923, 922, 924
924, 926, 2202, 927
925, 927, 2203, 2202
924, 2202, 925, 927
2206, 926, 928, 2207
2207, 927, 929, 928
2207, 927, 926, 928
928, 930, 2210, 931
929, 931, 2211, 2210
928, 2210, 929, 931
2214, 930, 932, 2215
2215, 931, 933, 932
2215, 931, 930, 932
932, 934, 2218, 935
933, 935, 2219, 2218
932, 2218, 933, 935
2222, 934, 936, 2223
2223, 935, 937, 936
2223, 935, 934, 936
936, 938, 2226, 939
937, 939, 2227, 2226
936, 2226, 937, 939
2230, 938, 940, 2231
2231, 939, 941, 940
2231, 939, 938, 940
940, 942, 2234, 943
941, 943, 2235, 2234
940, 2234, 941, 943
2238, 942, 944, 2239
2239, 943, 945, 944
2239, 943, 942, 944
944, 946, 2242, 947
945, 947, 2243, 2242
944, 2242, 945, 947
2246, 946, 948, 2247
2247, 947, 949, 948
2247, 947, 946, 948
948, 950, 2250, 951
949, 951, 2251, 2250
948, 2250, 949, 951
2254, 950, 952, 2255
2255, 951, 953, 952
2255, 951, 950, 952
952, 954, 2258, 955
953, 955, 2259, 2258
952, 2258, 953, 955
2262, 954, 956, 2263
2263, 955, 957, 956
2263, 955, 954, 956
956, 958, 2266, 959
957, 959, 2267, 2266
956, 2266, 957, 959
2270, 958, 960, 2271
2271, 959, 961, 960
2271, 959, 958, 960
960, 962, 2274, 963
961, 963, 2275, 2274
960, 2274, 961, 963
2278, 962, 964, 2279
2279, 963, 965, 964
2279, 963, 962, 964
964, 966, 2282, 967
965, 967, 2283, 2282
964, 2282, 965, 967
2286, 966, 968, 2287
2287, 967, 969, 968
2287, 967, 966, 968
968, 970, 2290, 971
969, 971, 2291, 2290
968, 2290, 969, 971
2294, 970, 972, 2295
2295, 971, 973, 972
2295, 971, 970, 972
972, 974, 2298, 975
973, 975, 2299, 2298
972, 2298, 973, 975
2302, 974, 976, 2303
2303, 975, 977, 976
2303, 975, 974, 976
976, 978, 2306, 979
977, 979, 2307, 2306
976, 2306, 977, 979
2310, 978, 980, 2311
2311, 979, 981, 980
2311, 979, 978, 980
980, 982, 2314, 983
981, 983, 2315, 2314
980, 2314, 981, 983
2318, 982, 984, 2319
2319, 983, 985, 984
2319, 983, 982, 984
984, 986, 2322, 987
985, 987, 2323, 2322
984, 2322, 985, 987
2326, 986, 988, 2327
2327, 987, 989, 988
2327, 987, 986, 988
988, 990, 2330, 991
989, 991, 2331, 2330
988, 2330, 989, 991
2334, 990, 992, 2335
2335, 991, 993, 992
2335, 991, 990, 992
992, 994, 2338, 995
993, 995, 2339, 2338
992, 2338, 993, 995
2342, 994, 996, 2343
2343, 995, 997, 996
2343, 995, 994, 996
996, 998, 2346, 999
997, 999, 2347, 2346
996, 2346, 997, 999
2350, 998, 1000, 2351
2351, 999, 1001, 1000
2351, 999, 998, 1000
1000, 1002, 2354, 1003
1001, 1003, 2355, 2354
1000, 2354, 1001, 1003
2358, 1002, 1004, 2359
2359, 1003, 1005, 1004
2359, 1003, 1002, 1004
1004, 1006, 2362, 1007
1005, 1007, 2363, 2362
1004, 2362, 1005, 1007
2366, 1006, 1008, 2367
2367, 1007, 1009, 1008
2367, 1007, 1006, 1008
1008, 1010, 2370, 1011
1009, 1011, 2371, 2370
1008, 2370, 1009, 1011
2374, 1010, 1012, 2375
2375, 1011, 1013, 1012
2375, 1011, 1010, 1012
1012, 1014, 2378, 1015
1013, 1015, 2379, 2378
1012, 2378, 1013, 1015
2382, 1014, 1016, 2383
2383, 1015, 1017, 1016
2383, 1015, 1014, 1016
1016, 1018, 2386, 1019
1017, 1019, 2387, 2386
1016, 2386, 1017, 1019
2390, 1018, 1020, 2391
2391, 1019, 1021, 1020
2391, 1019, 1018, 1020
1020, 1022, 2394, 1023
1021, 1023, 2395, 2394
1020, 2394, 1021, 1023
2398, 1022, 1024, 2399
2399, 1023, 1025, 1024
2399, 1023, 1022, 1024
1024, 1026, 2402, 1027
1025, 1027, 2403, 2402
1024, 2402, 1025, 1027
2406, 1026, 1028, 2407
2407, 1027, 1029, 1028
2407, 1027, 1026, 1028
1028, 1030, 2410, 1031
1029, 1031, 2411, 2410
1028, 2410, 1029, 1031
2414, 1030, 1032, 2415
2415, 1031, 1033, 1032
2415, 1031, 1030, 1032
1032, 1034, 2418, 1035
1033, 1035, 2419, 2418
1032, 2418, 1033, 1035
2422, 1034, 1036, 2423
2423, 1035, 1037, 1036
2423, 1035, 1034, 1036
1036, 1038, 2426, 1039
1037, 1039, 2427, 2426
1036, 2426, 1037, 1039
2430, 1038, 1040, 2431
2431, 1039, 1041, 1040
2431, 1039, 1038, 1040
1040, 1042, 2434, 1043
1041, 1043, 2435, 2434
1040, 2434, 1041, 1043
2438, 1042, 1044, 2439
2439, 1043, 1045, 1044
2439, 1043, 1042, 1044
1044, 1046, 2442, 1047
1045, 1047, 2443, 2442
1044, 2442, 1045, 1047
2446, 1046, 1048, 2447
2447, 1047, 1049, 1048
2447, 1047, 1046, 1048
1048, 1050, 2450, 1051
1049, 1051, 2451, 2450
1048, 2450, 1049, 1051
2454, 1050, 1052, 2455
2455, 1051, 1053, 1052
2455, 1051, 1050, 1052
1052, 1054, 2458, 1055
1053, 1055, 2459, 2458
1052, 2458, 1053, 1055
2462, 1054, 1056, 2463
2463, 1055, 1057, 1056
2463, 1055, 1054, 1056
1056, 1058, 2466, 1059
1057, 1059, 2467, 2466
1056, 2466, 1057, 1059
2470, 1058, 1060, 2471
2471, 1059, 1061, 1060
2471, 1059, 1058, 1060
1060, 354, 2474, 355
1061, 355, 2475, 2474
1060, 2474, 1061, 355
1062, 356, 1064, 1063
1063, 357, 1065, 356
356, 1064, 1063, 1065
1064, 356, 1066, 1065
1065, 357, 1067, 1066
1065, 357, 356, 1066
1066, 358, 1068, 359
1067, 359, 1069, 1068
1066, 1068, 1067, 359
1068, 358, 1070, 1071
1069, 359, 1071, 1068
1068, 358, 359, 1071
1070, 360, 1072, 1071
1071, 361, 1073, 360
360, 1072, 1071, 1073
1072, 360, 1074, 1073
1073, 361, 1075, 1074
1073, 361, 360, 1074
1074, 362, 1076, 363
1075, 363, 1077, 1076
1074, 1076, 1075, 363
1076, 362, 1078, 1079
1077, 363, 1079, 1076
1076, 362, 363, 1079
1078, 364, 1080, 1079
1079, 365, 1081, 364
364, 1080, 1079, 1081
1080, 364, 1082, 1081
1081, 365, 1083, 1082
1081, 365, 364, 1082
1082, 366, 1084, 367
1083, 367, 1085, 1084
1082, 1084, 1083, 367
1084, 366, 1086, 1087
1085, 367, 1087, 1084
1084, 366, 367, 1087
1086, 368, 1088, 1087
1087, 369, 1089, 368
368, 1088, 1087, 1089
1088, 368, 1090, 1089
1089, 369, 1091, 1090
1089, 369, 368, 1090
1090, 370, 1092, 371
1091, 371, 1093, 1092
1090, 1092, 1091, 371
1092, 370, 1094, 1095
1093, 371, 1095, 1092
1092, 370, 371, 1095
1094, 372, 1096, 1095
1095, 373, 1097, 372
372, 1096, 1095, 1097
1096, 372, 1098, 1097
1097, 373, 1099, 1098
1097, 373, 372, 1098
1098, 374, 1100, 375
1099, 375, 1101, 1100
1098, 1100, 1099, 375
1100, 374, 1102, 1103
1101, 375, 1103, 1100
1100, 374, 375, 1103
1102, 376, 1104, 1103
1103, 377, 1105, 376
376, 1104, 1103, 1105
1104, 376, 1106, 1105
1105, 377, 1107, 1106
1105, 377, 376, 1106
1106, 378, 1108, 379
1107, 379, 1109, 1108
1106, 1108, 1107, 379
1108, 378, 1110, 1111
1109, 379, 1111, 1108
1108, 378, 379, 1111
1110, 380, 1112, 1111
1111, 381, 1113, 380
380, 1112, 1111, 1113
1112, 380, 1114, 1113
1113, 381, 1115, 1114
1113, 381, 380, 1114
1114, 382, 1116, 383
1115, 383, 1117, 1116
1114, 1116, 1115, 383
1116, 382, 1118, 1119
1117, 383, 1119, 1116
1116, 382, 383, 1119
1118, 384, 1120, 1119
1119, 385, 1121, 384
384, 1120, 1119, 1121
1120, 384, 1122, 1121
1121, 385, 1123, 1122
1121, 385, 384, 1122
1122, 386, 1124, 387
1123, 387, 1125, 1124
1122, 1124, 1123, 387
1124, 386, 1126, 1127
1125, 387, 1127, 1124
1124, 386, 387, 1127
1126, 388, 1128, 1127
1127, 389, 1129, 388
388, 1128, 1127, 1129
1128, 388, 1130, 1129
1129, 389, 1131, 1130
1129, 389, 388, 1130
1130, 390, 1132, 391
1131, 391, 1133, 1132
1130, 1132, 1131, 391
1132, 390, 1134, 1135
1133, 391, 1135, 1132
1132, 390, 391, 1135
1134, 392, 1136, 1135
1135, 393, 1137, 392
392, 1136, 1135, 1137
1136, 392, 1138, 1137
1137, 393, 1139, 1138
1137, 393, 392, 1138
1138, 394, 1140, 395
1139, 395, 1141, 1140
1138, 1140, 1139, 395
1140, 394, 1142, 1143
1141, 395, 1143, 1140
1140, 394, 395, 1143
1142, 396, 1144, 1143
1143, 397, 1145, 396
396, 1144, 1143, 1145
1144, 396, 1146, 1145
1145, 397, 1147, 1146
1145, 397, 396, 1146
1146, 398, 1148, 399
1147, 399, 1149, 1148
1146, 1148, 1147, 399
1148, 398, 1150, 1151
1149, 399, 1151, 1148
1148, 398, 399, 1151
1150, 400, 1152, 1151
1151, 401, 1153, 400
400, 1152, 1151, 1153
1152, 400, 1154, 1153
1153, 401, 1155, 1154
1153, 401, 400, 1154
1154, 402, 1156, 403
1155, 403, 1157, 1156
1154, 1156, 1155, 403
1156, 402, 1158, 1159
1157, 403, 1159, 1156
1156, 402, 403, 1159
1158, 404, 1160, 1159
1159, 405, 1161, 404
404, 1160, 1159, 1161
1160, 404, 1162, 1161
1161, 405, 1163, 1162
1161, 405, 404, 1162
1162, 406, 1164, 407
1163, 407, 1165, 1164
1162, 1164, 1163, 407
1164, 406, 1166, 1167
1165, 407, 1167, 1164
1164, 406, 407, 1167
1166, 408, 1168, 1167
1167, 409, 1169, 408
408, 1168, 1167, 1169
1168, 408, 1170, 1169
1169, 409, 1171, 1170
1169, 409, 408, 1170
1170, 410, 1172, 411
1171, 411, 1173, 1172
1170, 1172, 1171, 411
1172, 410, 1174, 1175
1173, 411, 1175, 1172
1172, 410, 411, 1175
1174, 412, 1176, 1175
1175, 413, 1177, 412
412, 1176, 1175, 1177
1176, 412, 1178, 1177
1177, 413, 1179, 1178
1177, 413, 412, 1178
1178, 414, 1180, 415
1179, 415, 1181, 1180
1178, 1180, 1179, 415
1180, 414, 1182, 1183
1181, 415, 1183, 1180
1180, 414, 415, 1183
1182, 416, 1184, 1183
1183, 417, 1185, 416
416, 1184, 1183, 1185
1184, 416, 1186, 1185
1185, 417, 1187, 1186
1185, 417, 416, 1186
1186, 418, 1188, 419
1187, 419, 1189, 1188
1186, 1188, 1187, 419
1188, 418, 1190, 1191
1189, 419, 1191, 1188
1188, 418, 419, 1191
1190, 420, 1192, 1191
1191, 421, 1193, 420
420, 1192, 1191, 1193
1192, 420, 1194, 1193
1193, 421, 1195, 1194
1193, 421, 420, 1194
1194, 422, 1196, 423
1195, 423, 1197, 1196
1194, 1196, 1195, 423
1196, 422, 1198, 1199
1197, 423, 1199, 1196
1196, 422, 423, 1199
1198, 424, 1200, 1199
1199, 425, 1201, 424
424, 1200, 1199, 1201
1200, 424, 1202, 1201
1201, 425, 1203, 1202
1201, 425, 424, 1202
1202, 426, 1204, 427
1203, 427, 1205, 1204
1202, 1204, 1203, 427
1204, 426, 1206, 1207
1205, 427, 1207, 1204
1204, 426, 427, 1207
1206, 428, 1208, 1207
1207, 429, 1209, 428
428, 1208, 1207, 1209
1208, 428, 1210, 1209
1209, 429, 1211, 1210
1209, 429, 428, 1210
1210, 430, 1212, 431
1211, 431, 1213, 1212
1210, 1212, 1211, 431
1212, 430, 1214, 1215
1213, 431, 1215, 1212
1212, 430, 431, 1215
1214, 432, 1216, 1215
1215, 433, 1217, 432
432, 1216, 1215, 1217
1216, 432, 1218, 1217
1217, 433, 1219, 1218
1217, 433, 432, 1218
1218, 434, 1220, 435
1219, 435, 1221, 1220
1218, 1220, 1219, 435
1220, 434, 1222, 1223
1221, 435, 1223, 1220
1220, 434, 435, 1223
1222, 436, 1224, 1223
1223, 437, 1225, 436
436, 1224, 1223, 1225
1224, 436, 1226, 1225
1225, 437, 1227, 1226
1225, 437, 436, 1226
1226, 438, 1228, 439
1227, 439, 1229, 1228
1226, 1228, 1227, 439
1228, 438, 1230, 1231
1229, 439, 1231, 1228
1228, 438, 439, 1231
1230, 440, 1232, 1231
1231, 441, 1233, 440
440, 1232, 1231, 1233
1232, 440, 1234, 1233
1233, 441, 1235, 1234
1233, 441, 440, 1234
1234, 442, 1236, 443
1235, 443, 1237, 1236
1234, 1236, 1235, 443
1236, 442, 1238, 1239
1237, 443, 1239, 1236
1236, 442, 443, 1239
1238, 444, 1240, 1239
1239, 445, 1241, 444
444, 1240, 1239, 1241
1240, 444, 1242, 1241
1241, 445, 1243, 1242
1241, 445, 444, 1242
1242, 446, 1244, 447
1243, 447, 1245, 1244
1242, 1244, 1243, 447
1244, 446, 1246, 1247
1245, 447, 1247, 1244
1244, 446, 447, 1247
1246, 448, 1248, 1247
1247, 449, 1249, 448
448, 1248, 1247, 1249
1248, 448, 1250, 1249
1249, 449, 1251, 1250
1249, 449, 448, 1250
1250, 450, 1252, 451
1251, 451, 1253, 1252
1250, 1252, 1251, 451
1252, 450, 1254, 1255
1253, 451, 1255, 1252
1252, 450, 451, 1255
1254, 452, 1256, 1255
1255, 453, 1257, 452
452, 1256, 1255, 1257
1256, 452, 1258, 1257
1257, 453, 1259, 1258
1257, 453, 452, 1258
1258, 454, 1260, 455
1259, 455, 1261, 1260
1258, 1260, 1259, 455
1260, 454, 1262, 1263
1261, 455, 1263, 1260
1260, 454, 455, 1263
1262, 456, 1264, 1263
1263, 457, 1265, 456
456, 1264, 1263, 1265
1264, 456, 1266, 1265
1265, 457, 1267, 1266
1265, 457, 456, 1266
1266, 458, 1268, 459
1267, 459, 1269, 1268
1266, 1268, 1267, 459
1268, 458, 1270, 1271
1269, 459, 1271, 1268
1268, 458, 459, 1271
1270, 460, 1272, 1271
1271, 461, 1273, 460
460, 1272, 1271, 1273
1272, 460, 1274, 1273
1273, 461, 1275, 1274
1273, 461, 460, 1274
1274, 462, 1276, 463
1275, 463, 1277, 1276
1274, 1276, 1275, 463
1276, 462, 1278, 1279
1277, 463, 1279, 1276
1276, 462, 463, 1279
1278, 464, 1280, 1279
1279, 465, 1281, 464
464, 1280, 1279, 1281
1280, 464, 1282, 1281
1281, 465, 1283, 1282
1281, 465, 464, 1282
1282, 466, 1284, 467
1283, 467, 1285, 1284
1282, 1284, 1283, 467
1284, 466, 1286, 1287
1285, 467, 1287, 1284
1284, 466, 467, 1287
1286, 468, 1288, 1287
1287, 469, 1289, 468
468, 1288, 1287, 1289
1288, 468, 1290, 1289
1289, 469, 1291, 1290
1289, 469, 468, 1290
1290, 470, 1292, 471
1291, 471, 1293, 1292
1290, 1292, 1291, 471
1292, 470, 1294, 1295
1293, 471, 1295, 1292
1292, 470, 471, 1295
1294, 472, 1296, 1295
1295, 473, 1297, 472
472, 1296, 1295, 1297
1296, 472, 1298, 1297
1297, 473, 1299, 1298
1297, 473, 472, 1298
1298, 474, 1300, 475
1299, 475, 1301, 1300
1298, 1300, 1299, 475
1300, 474, 1302, 1303
1301, 475, 1303, 1300
1300, 474, 475, 1303
1302, 476, 1304, 1303
1303, 477, 1305, 476
476, 1304, 1303, 1305
1304, 476, 1306, 1305
1305, 477, 1307, 1306
1305, 477, 476, 1306
1306, 478, 1308, 479
1307, 479, 1309, 1308
1306, 1308, 1307, 479
1308, 478, 1310, 1311
1309, 479, 1311, 1308
1308, 478, 479, 1311
1310, 480, 1312, 1311
1311, 481, 1313, 480
480, 1312, 1311, 1313
1312, 480, 1314, 1313
1313, 481, 1315, 1314
1313, 481, 480, 1314
1314, 482, 1316, 483
1315, 483, 1317, 1316
1314, 1316, 1315, 483
1316, 482, 1318, 1319
1317, 483, 1319, 1316
1316, 482, 483, 1319
1318, 484, 1320, 1319
1319, 485, 1321, 484
484, 1320, 1319, 1321
1320, 484, 1322, 1321
1321, 485, 1323, 1322
1321, 485, 484, 1322
1322, 486, 1324, 487
1323, 487, 1325, 1324
1322, 1324, 1323, 487
1324, 486, 1326, 1327
1325, 487, 1327, 1324
1324, 486, 487, 1327
1326, 488, 1328, 1327
1327, 489, 1329, 488
488, 1328, 1327, 1329
1328, 488, 1330, 1329
1329, 489, 1331, 1330
1329, 489, 488, 1330
1330, 490, 1332, 491
1331, 491, 1333, 1332
1330, 1332, 1331, 491
1332, 490, 1334, 1335
1333, 491, 1335, 1332
1332, 490, 491, 1335
1334, 492, 1336, 1335
1335, 493, 1337, 492
492, 1336, 1335, 1337
1336, 492, 1338, 1337
1337, 493, 1339, 1338
1337, 493, 492, 1338
1338, 494, 1340, 495
1339, 495, 1341, 1340
1338, 1340, 1339, 495
1340, 494, 1342, 1343
1341, 495, 1343, 1340
1340, 494, 495, 1343
1342, 496, 1344, 1343
1343, 497, 1345, 496
496, 1344, 1343, 1345
1344, 496, 1346, 1345
1345, 497, 1347, 1346
1345, 497, 496, 1346
1346, 498, 1348, 499
1347, 499, 1349, 1348
1346, 1348, 1347, 499
1348, 498, 1350, 1351
1349, 499, 1351, 1348
1348, 498, 499, 1351
1350, 500, 1352, 1351
1351, 501, 1353, 500
500, 1352, 1351, 1353
1352, 500, 1354, 1353
1353, 501, 1355, 1354
1353, 501, 500, 1354
1354, 502, 1356, 503
1355, 503, 1357, 1356
1354, 1356, 1355, 503
1356, 502, 1358, 1359
1357, 503, 1359, 1356
1356, 502, 503, 1359
1358, 504, 1360, 1359
1359, 505, 1361, 504
504, 1360, 1359, 1361
1360, 504, 1362, 1361
1361, 505, 1363, 1362
1361, 505, 504, 1362
1362, 506, 1364, 507
1363, 507, 1365, 1364
1362, 1364, 1363, 507
1364, 506, 1366, 1367
1365, 507, 1367, 1364
1364, 506, 507, 1367
1366, 508, 1368, 1367
1367, 509, 1369, 508
508, 1368, 1367, 1369
1368, 508, 1370, 1369
1369, 509, 1371, 1370
1369, 509, 508, 1370
1370, 510, 1372, 511
1371, 511, 1373, 1372
1370, 1372, 1371, 511
1372, 510, 1374, 1375
1373, 511, 1375, 1372
1372, 510, 511, 1375
1374, 512, 1376, 1375
1375, 513, 1377, 512
512, 1376, 1375, 1377
1376, 512, 1378, 1377
1377, 513, 1379, 1378
1377, 513, 512, 1378
1378, 514, 1380, 515
1379, 515, 1381, 1380
1378, 1380, 1379, 515
1380, 514, 1382, 1383
1381, 515, 1383, 1380
1380, 514, 515, 1383
1382, 516, 1384, 1383
1383, 517, 1385, 516
516, 1384, 1383, 1385
1384, 516, 1386, 1385
1385, 517, 1387, 1386
1385, 517, 516, 1386
1386, 518, 1388, 519
1387, 519, 1389, 1388
1386, 1388, 1387, 519
1388, 518, 1390, 1391
1389, 519, 1391, 1388
1388, 518, 519, 1391
1390, 520, 1392, 1391
1391, 521, 1393, 520
520, 1392, 1391, 1393
1392, 520, 1394, 1393
1393, 521, 1395, 1394
1393, 521, 520, 1394
1394, 522, 1396, 523
1395, 523, 1397, 1396
1394, 1396, 1395, 523
1396, 522, 1398, 1399
1397, 523, 1399, 1396
1396, 522, 523, 1399
1398, 524, 1400, 1399
1399, 525, 1401, 524
524, 1400, 1399, 1401
1400, 524, 1402, 1401
1401, 525, 1403, 1402
1401, 525, 524, 1402
1402, 526, 1404, 527
1403, 527, 1405, 1404
1402, 1404, 1403, 527
1404, 526, 1406, 1407
1405, 527, 1407, 1404
1404, 526, 527, 1407
1406, 528, 1408, 1407
1407, 529, 1409, 528
528, 1408, 1407, 1409
1408, 528, 1410, 1409
1409, 529, 1411, 1410
1409, 529, 528, 1410
1410, 530, 1412, 531
1411, 531, 1413, 1412
1410, 1412, 1411, 531
1412, 530, 1414, 1415
1413, 531, 1415, 1412
1412, 530, 531, 1415
1414, 532, 1416, 1415
1415, 533, 1417, 532
532, 1416, 1415, 1417
1416, 532, 1418, 1417
1417, 533, 1419, 1418
1417, 533, 532, 1418
1418, 534, 1420, 535
1419, 535, 1421, 1420
1418, 1420, 1419, 535
1420, 534, 1422, 1423
1421, 535, 1423, 1420
1420, 534, 535, 1423
1422, 536, 1424, 1423
1423, 537, 1425, 536
536, 1424, 1423, 1425
1424, 536, 1426, 1425
1425, 537, 1427, 1426
1425, 537, 536, 1426
1426, 538, 1428, 539
1427, 539, 1429, 1428
1426, 1428, 1427, 539
1428, 538, 1430, 1431
1429, 539, 1431, 1428
1428, 538, 539, 1431
1430, 540, 1432, 1431
1431, 541, 1433, 540
540, 1432, 1431, 1433
1432, 540, 1434, 1433
1433, 541, 1435, 1434
1433, 541, 540, 1434
1434, 542, 1436, 543
1435, 543, 1437, 1436
1434, 1436, 1435, 543
1436, 542, 1438, 1439
1437, 543, 1439, 1436
1436, 542, 543, 1439
1438, 544, 1440, 1439
1439, 545, 1441, 544
544, 1440, 1439, 1441
1440, 544, 1442, 1441
1441, 545, 1443, 1442
1441, 545, 544, 1442
1442, 546, 1444, 547
1443, 547, 1445, 1444
1442, 1444, 1443, 547
1444, 546, 1446, 1447
1445, 547, 1447, 1444
1444, 546, 547, 1447
1446, 548, 1448, 1447
1447, 549, 1449, 548
548, 1448, 1447, 1449
1448, 548, 1450, 1449
1449, 549, 1451, 1450
1449, 549, 548, 1450
1450, 550, 1452, 551
1451, 551, 1453, 1452
1450, 1452, 1451, 551
1452, 550, 1454, 1455
1453, 551, 1455, 1452
1452, 550, 551, 1455
1454, 552, 1456, 1455
1455, 553, 1457, 552
552, 1456, 1455, 1457
1456, 552, 1458, 1457
1457, 553, 1459, 1458
1457, 553, 552, 1458
1458, 554, 1460, 555
1459, 555, 1461, 1460
1458, 1460, 1459, 555
1460, 554, 1462, 1463
1461, 555, 1463, 1460
1460, 554, 555, 1463
1462, 556, 1464, 1463
1463, 557, 1465, 556
556, 1464, 1463, 1465
1464, 556, 1466, 1465
1465, 557, 1467, 1466
1465, 557, 556, 1466
1466, 558, 1468, 559
1467, 559, 1469, 1468
1466, 1468, 1467, 559
1468, 558, 1470, 1471
1469, 559, 1471, 1468
1468, 558, 559, 1471
1470, 560, 1472, 1471
1471, 561, 1473, 560
560, 1472, 1471, 1473
1472, 560, 1474, 1473
1473, 561, 1475, 1474
1473, 561, 560, 1474
1474, 562, 1476, 563
1475, 563, 1477, 1476
1474, 1476, 1475, 563
1476, 562, 1478, 1479
1477, 563, 1479, 1476
1476, 562, 563, 1479
1478, 564, 1480, 1479
1479, 565, 1481, 564
564, 1480, 1479, 1481
1480, 564, 1482, 1481
1481, 565, 1483, 1482
1481, 565, 564, 1482
1482, 566, 1484, 567
1483, 567, 1485, 1484
1482, 1484, 1483, 567
1484, 566, 1486, 1487
1485, 567, 1487, 1484
1484, 566, 567, 1487
1486, 568, 1488, 1487
1487, 569, 1489, 568
568, 1488, 1487, 1489
1488, 568, 1490, 1489
1489, 569, 1491, 1490
1489, 569, 568, 1490
1490, 570, 1492, 571
1491, 571, 1493, 1492
1490, 1492, 1491, 571
1492, 570, 1494, 1495
1493, 571, 1495, 1492
1492, 570, 571, 1495
1494, 572, 1496, 1495
1495, 573, 1497, 572
572, 1496, 1495, 1497
1496, 572, 1498, 1497
1497, 573, 1499, 1498
1497, 573, 572, 1498
1498, 574, 1500, 575
1499, 575, 1501, 1500
1498, 1500, 1499, 575
1500, 574, 1502, 1503
1501, 575, 1503, 1500
1500, 574, 575, 1503
1502, 576, 1504, 1503
1503, 577, 1505, 576
576, 1504, 1503, 1505
1504, 576, 1506, 1505
1505, 577, 1507, 1506
1505, 577, 576, 1506
1506, 578, 1508, 579
1507, 579, 1509, 1508
1506, 1508, 1507, 579
1508, 578, 1510, 1511
1509, 579, 1511, 1508
1508, 578, 579, 1511
1510, 580, 1512, 1511
1511, 581, 1513, 580
580, 1512, 1511, 1513
1512, 580, 1514, 1513
1513, 581, 1515, 1514
1513, 581, 580, 1514
1514, 582, 1516, 583
1515, 583, 1517, 1516
1514, 1516, 1515, 583
1516, 582, 1518, 1519
1517, 583, 1519, 1516
1516, 582, 583, 1519
1518, 584, 1520, 1519
1519, 585, 1521, 584
584, 1520, 1519, 1521
1520, 584, 1522, 1521
1521, 585, 1523, 1522
1521, 585, 584, 1522
1522, 586, 1524, 587
1523, 587, 1525, 1524
1522, 1524, 1523, 587
1524, 586, 1526, 1527
1525, 587, 1527, 1524
1524, 586, 587, 1527
1526, 588, 1528, 1527
1527, 589, 1529, 588
588, 1528, 1527, 1529
1528, 588, 1530, 1529
1529, 589, 1531, 1530
1529, 589, 588, 1530
1530, 590, 1532, 591
1531, 591, 1533, 1532
1530, 1532, 1531, 591
1532, 590, 1534, 1535
1533, 591, 1535, 1532
1532, 590, 591, 1535
1534, 592, 1536, 1535
1535, 593, 1537, 592
592, 1536, 1535, 1537
1536, 592, 1538, 1537
1537, 593, 1539, 1538
1537, 593, 592, 1538
1538, 594, 1540, 595
1539, 595, 1541, 1540
1538, 1540, 1539, 595
1540, 594, 1542, 1543
1541, 595, 1543, 1540
1540, 594, 595, 1543
1542, 596, 1544, 1543
1543, 597, 1545, 596
596, 1544, 1543, 1545
1544, 596, 1546, 1545
1545, 597, 1547, 1546
1545, 597, 596, 1546
1546, 598, 1548, 599
1547, 599, 1549, 1548
1546, 1548, 1547, 599
1548, 598, 1550, 1551
1549, 599, 1551, 1548
1548, 598, 599, 1551
1550, 600, 1552, 1551
1551, 601, 1553, 600
600, 1552, 1551, 1553
1552, 600, 1554, 1553
1553, 601, 1555, 1554
1553, 601, 600, 1554
1554, 602, 1556, 603
1555, 603, 1557, 1556
1554, 1556, 1555, 603
1556, 602, 1558, 1559
1557, 603, 1559, 1556
1556, 602, 603, 1559
1558, 604, 1560, 1559
1559, 605, 1561, 604
604, 1560, 1559, 1561
1560, 604, 1562, 1561
1561, 605, 1563, 1562
1561, 605, 604, 1562
1562, 606, 1564, 607
1563, 607, 1565, 1564
1562, 1564, 1563, 607
1564, 606, 1566, 1567
1565, 607, 1567, 1564
1564, 606, 607, 1567
1566, 608, 1568, 1567
1567, 609, 1569, 608
608, 1568, 1567, 1569
1568, 608, 1570, 1569
1569, 609, 1571, 1570
1569, 609, 608, 1570
1570, 610, 1572, 611
1571, 611, 1573, 1572
1570, 1572, 1571, 611
1572, 610, 1574, 1575
1573, 611, 1575, 1572
1572, 610, 611, 1575
1574, 612, 1576, 1575
1575, 613, 1577, 612
612, 1576, 1575, 1577
1576, 612, 1578, 1577
1577, 613, 1579, 1578
1577, 613, 612, 1578
1578, 614, 1580, 615
1579, 615, 1581, 1580
1578, 1580, 1579, 615
1580, 614, 1582, 1583
1581, 615, 1583, 1580
1580, 614, 615, 1583
1582, 616, 1584, 1583
1583, 617, 1585, 616
616, 1584, 1583, 1585
1584, 616, 1586, 1585
1585, 617, 1587, 1586
1585, 617, 616, 1586
1586, 618, 1588, 619
1587, 619, 1589, 1588
1586, 1588, 1587, 619
1588, 618, 1590, 1591
1589, 619, 1591, 1588
1588, 618, 619, 1591
1590, 620, 1592, 1591
1591, 621, 1593, 620
620, 1592, 1591, 1593
1592, 620, 1594, 1593
1593, 621, 1595, 1594
1593, 621, 620, 1594
1594, 622, 1596, 623
1595, 623, 1597, 1596
1594, 1596, 1595, 623
1596, 622, 1598, 1599
1597, 623, 1599, 1596
1596, 622, 623, 1599
1598, 624, 1600, 1599
1599, 625, 1601, 624
624, 1600, 1599, 1601
1600, 624, 1602, 1601
1601, 625, 1603, 1602
1601, 625, 624, 1602
1602, 626, 1604, 627
1603, 627, 1605, 1604
1602, 1604, 1603, 627
1604, 626, 1606, 1607
1605, 627, 1607, 1604
1604, 626, 627, 1607
1606, 628, 1608, 1607
1607, 629, 1609, 628
628, 1608, 1607, 1609
1608, 628, 1610, 1609
1609, 629, 1611, 1610
1609, 629, 628, 1610
1610, 630, 1612, 631
1611, 631, 1613, 1612
1610, 1612, 1611, 631
1612, 630, 1614, 1615
1613, 631, 1615, 1612
1612, 630, 631, 1615
1614, 632, 1616, 1615
1615, 633, 1617, 632
632, 1616, 1615, 1617
1616, 632, 1618, 1617
1617, 633, 1619, 1618
1617, 633, 632, 1618
1618, 634, 1620, 635
1619, 635, 1621, 1620
1618, 1620, 1619, 635
1620, 634, 1622, 1623
1621, 635, 1623, 1620
1620, 634, 635, 1623
1622, 636, 1624, 1623
1623, 637, 1625, 636
636, 1624, 1623, 1625
1624, 636, 1626, 1625
1625, 637, 1627, 1626
1625, 637, 636, 1626
1626, 638, 1628, 639
1627, 639, 1629, 1628
1626, 1628, 1627, 639
1628, 638, 1630, 1631
1629, 639, 1631, 1628
1628, 638, 639, 1631
1630, 640, 1632, 1631
1631, 641, 1633, 640
640, 1632, 1631, 1633
1632, 640, 1634, 1633
1633, 641, 1635, 1634
1633, 641, 640, 1634
1634, 642, 1636, 643
1635, 643, 1637, 1636
1634, 1636, 1635, 643
1636, 642, 1638, 1639
1637, 643, 1639, 1636
1636, 642, 643, 1639
1638, 644, 1640, 1639
1639, 645, 1641, 644
644, 1640, 1639, 1641
1640, 644, 1642, 1641
1641, 645, 1643, 1642
1641, 645, 644, 1642
1642, 646, 1644, 647
1643, 647, 1645, 1644
1642, 1644, 1643, 647
1644, 646, 1646, 1647
1645, 647, 1647, 1644
1644, 646, 647, 1647
1646, 648, 1648, 1647
1647, 649, 1649, 648
648, 1648, 1647, 1649
1648, 648, 1650, 1649
1649, 649, 1651, 1650
1649, 649, 648, 1650
1650, 650, 1652, 651
1651, 651, 1653, 1652
1650, 1652, 1651, 651
1652, 650, 1654, 1655
1653, 651, 1655, 1652
1652, 650, 651, 1655
1654, 652, 1656, 1655
1655, 653, 1657, 652
652, 1656, 1655, 1657
1656, 652, 1658, 1657
1657, 653, 1659, 1658
1657, 653, 652, 1658
1658, 654, 1660, 655
1659, 655, 1661, 1660
1658, 1660, 1659, 655
1660, 654, 1662, 1663
1661, 655, 1663, 1660
1660, 654, 655, 1663
1662, 656, 1664, 1663
1663, 657, 1665, 656
656, 1664, 1663, 1665
1664, 656, 1666, 1665
1665, 657, 1667, 1666
1665, 657, 656, 1666
1666, 658, 1668, 659
1667, 659, 1669, 1668
1666, 1668, 1667, 659
1668, 658, 1670, 1671
1669, 659, 1671, 1668
1668, 658, 659, 1671
1670, 660, 1672, 1671
1671, 661, 1673, 660
660, 1672, 1671, 1673
1672, 660, 1674, 1673
1673, 661, 1675, 1674
1673, 661, 660, 1674
1674, 662, 1676, 663
1675, 663, 1677, 1676
1674, 1676, 1675, 663
1676, 662, 1678, 1679
1677, 663, 1679, 1676
1676, 662, 663, 1679
1678, 664, 1680, 1679
1679, 665, 1681, 664
664, 1680, 1679, 1681
1680, 664, 1682, 1681
1681, 665, 1683, 1682
1681, 665, 664, 1682
1682, 666, 1684, 667
1683, 667, 1685, 1684
1682, 1684, 1683, 667
1684, 666, 1686, 1687
1685, 667, 1687, 1684
1684, 666, 667, 1687
1686, 668, 1688, 1687
1687, 669, 1689, 668
668, 1688, 1687, 1689
1688, 668, 1690, 1689
1689, 669, 1691, 1690
1689, 669, 668, 1690
1690, 670, 1692, 671
1691, 671, 1693, 1692
1690, 1692, 1691, 671
1692, 670, 1694, 1695
1693, 671, 1695, 1692
1692, 670, 671, 1695
1694, 672, 1696, 1695
1695, 673, 1697, 672
672, 1696, 1695, 1697
1696, 672, 1698, 1697
1697, 673, 1699, 1698
1697, 673, 672, 1698
1698, 674, 1700, 675
1699, 675, 1701, 1700
1698, 1700, 1699, 675
1700, 674, 1702, 1703
1701, 675, 1703, 1700
1700, 674, 675, 1703
1702, 676, 1704, 1703
1703, 677, 1705, 676
676, 1704, 1703, 1705
1704, 676, 1706, 1705
1705, 677, 1707, 1706
1705, 677, 676, 1706
1706, 678, 1708, 679
1707, 679, 1709, 1708
1706, 1708, 1707, 679
1708, 678, 1710, 1711
1709, 679, 1711, 1708
1708, 678, 679, 1711
1710, 680, 1712, 1711
1711, 681, 1713, 680
680, 1712, 1711, 1713
1712, 680, 1714, 1713
1713, 681, 1715, 1714
1713, 681, 680, 1714
1714, 682, 1716, 683
1715, 683, 1717, 1716
1714, 1716, 1715, 683
1716, 682, 1718, 1719
1717, 683, 1719, 1716
1716, 682, 683, 1719
1718, 684, 1720, 1719
1719, 685, 1721, 684
684, 1720, 1719, 1721
1720, 684, 1722, 1721
1721, 685, 1723, 1722
1721, 685, 684, 1722
1722, 686, 1724, 687
1723, 687, 1725, 1724
1722, 1724, 1723, 687
1724, 686, 1726, 1727
1725, 687, 1727, 1724
1724, 686, 687, 1727
1726, 688, 1728, 1727
1727, 689, 1729, 688
688, 1728, 1727, 1729
1728, 688, 1730, 1729
1729, 689, 1731, 1730
1729, 689, 688, 1730
1730, 690, 1732, 691
1731, 691, 1733, 1732
1730, 1732, 1731, 691
1732, 690, 1734, 1735
1733, 691, 1735, 1732
1732, 690, 691, 1735
1734, 692, 1736, 1735
1735, 693, 1737, 692
692, 1736, 1735, 1737
1736, 692, 1738, 1737
1737, 693, 1739, 1738
1737, 693, 692, 1738
1738, 694, 1740, 695
1739, 695, 1741, 1740
1738, 1740, 1739, 695
1740, 694, 1742, 1743
1741, 695, 1743, 1740
1740, 694, 695, 1743
1742, 696, 1744, 1743
1743, 697, 1745, 696
696, 1744, 1743, 1745
1744, 696, 1746, 1745
1745, 697, 1747, 1746
1745, 697, 696, 1746
1746, 698, 1748, 699
1747, 699, 1749, 1748
1746, 1748, 1747, 699
1748, 698, 1750, 1751
1749, 699, 1751, 1748
1748, 698, 699, 1751
1750, 700, 1752, 1751
1751, 701, 1753, 700
700, 1752, 1751, 1753
1752, 700, 1754, 1753
1753, 701, 1755, 1754
1753, 701, 700, 1754
1754, 702, 1756, 703
1755, 703, 1757, 1756
1754, 1756, 1755, 703
1756, 702, 1758, 1759
1757, 703, 1759, 1756
1756, 702, 703, 1759
1758, 704, 1760, 1759
1759, 705, 1761, 704
704, 1760, 1759, 1761
1760, 704, 1762, 1761
1761, 705, 1763, 1762
1761, 705, 704, 1762
1762, 706, 1764, 707
1763, 707, 1765, 1764
1762, 1764, 1763, 707
1764, 706, 1766, 1767
1765, 707, 1767, 1764
1764, 706, 707, 1767
1766, 708, 1768, 1767
1767, 709, 1769, 708
708, 1768, 1767, 1769
1768, 708, 1770, 1769
1769, 709, 1771, 1770
1769, 709, 708, 1770
1770, 710, 1772, 711
1771, 711, 1773, 1772
1770, 1772, 1771, 711
1772, 710, 1774, 1775
1773, 711, 1775, 1772
1772, 710, 711, 1775
1774, 712, 1776, 1775
1775, 713, 1777, 712
712, 1776, 1775, 1777
1776, 712, 1778, 1777
1777, 713, 1779, 1778
1777, 713, 712, 1778
1778, 714, 1780, 715
1779, 715, 1781, 1780
1778, 1780, 1779, 715
1780, 714, 1782, 1783
1781, 715, 1783, 1780
1780, 714, 715, 1783
1782, 716, 1784, 1783
1783, 717, 1785, 716
716, 1784, 1783, 1785
1784, 716, 1786, 1785
1785, 717, 1787, 1786
1785, 717, 716, 1786
1786, 718, 1788, 719
1787, 719, 1789, 1788
1786, 1788, 1787, 719
1788, 718, 1790, 1791
1789, 719, 1791, 1788
1788, 718, 719, 1791
1790, 720, 1792, 1791
1791, 721, 1793, 720
720, 1792, 1791, 1793
1792, 720, 1794, 1793
1793, 721, 1795, 1794
1793, 721, 720, 1794
1794, 722, 1796, 723
1795, 723, 1797, 1796
1794, 1796, 1795, 723
1796, 722, 1798, 1799
1797, 723, 1799, 1796
1796, 722, 723, 1799
1798, 724, 1800, 1799
1799, 725, 1801, 724
724, 1800, 1799, 1801
1800, 724, 1802, 1801
1801, 725, 1803, 1802
1801, 725, 724, 1802
1802, 726, 1804, 727
1803, 727, 1805, 1804
1802, 1804, 1803, 727
1804, 726, 1806, 1807
1805, 727, 1807, 1804
1804, 726, 727, 1807
1806, 728, 1808, 1807
1807, 729, 1809, 728
728, 1808, 1807, 1809
1808, 728, 1810, 1809
1809, 729, 1811, 1810
1809, 729, 728, 1810
1810, 730, 1812, 731
1811, 731, 1813, 1812
1810, 1812, 1811, 731
1812, 730, 1814, 1815
1813, 731, 1815, 1812
1812, 730, 731, 1815
1814, 732, 1816, 1815
1815, 733, 1817, 732
732, 1816, 1815, 1817
1816, 732, 1818, 1817
1817, 733, 1819, 1818
1817, 733, 732, 1818
1818, 734, 1820, 735
1819, 735, 1821, 1820
1818, 1820, 1819, 735
1820, 734, 1822, 1823
1821, 735, 1823, 1820
1820, 734, 735, 1823
1822, 736, 1824, 1823
1823, 737, 1825, 736
736, 1824, 1823, 1825
1824, 736, 1826, 1825
1825, 737, 1827, 1826
1825, 737, 736, 1826
1826, 738, 1828, 739
1827, 739, 1829, 1828
1826, 1828, 1827, 739
1828, 738, 1830, 1831
1829, 739, 1831, 1828
1828, 738, 739, 1831
1830, 740, 1832, 1831
1831, 741, 1833, 740
740, 1832, 1831, 1833
1832, 740, 1834, 1833
1833, 741, 1835, 1834
1833, 741, 740, 1834
1834, 742, 1836, 743
1835, 743, 1837, 1836
1834, 1836, 1835, 743
1836, 742, 1838, 1839
1837, 743, 1839, 1836
1836, 742, 743, 1839
1838, 744, 1840, 1839
1839, 745, 1841, 744
744, 1840, 1839, 1841
1840, 744, 1842, 1841
1841, 745, 1843, 1842
1841, 745, 744, 1842
1842, 746, 1844, 747
1843, 747, 1845, 1844
1842, 1844, 1843, 747
1844, 746, 1846, 1847
1845, 747, 1847, 1844
1844, 746, 747, 1847
1846, 748, 1848, 1847
1847, 749, 1849, 748
748, 1848, 1847, 1849
1848, 748, 1850, 1849
1849, 749, 1851, 1850
1849, 749, 748, 1850
1850, 750, 1852, 751
1851, 751, 1853, 1852
1850, 1852, 1851, 751
1852, 750, 1854, 1855
1853, 751, 1855, 1852
1852, 750, 751, 1855
1854, 752, 1856, 1855
1855, 753, 1857, 752
752, 1856, 1855, 1857
1856, 752, 1858, 1857
1857, 753, 1859, 1858
1857, 753, 752, 1858
1858, 754, 1860, 755
1859, 755, 1861, 1860
1858, 1860, 1859, 755
1860, 754, 1862, 1863
1861, 755, 1863, 1860
1860, 754, 755, 1863
1862, 756, 1864, 1863
1863, 757, 1865, 756
756, 1864, 1863, 1865
1864, 756, 1866, 1865
1865, 757, 1867, 1866
1865, 757, 756, 1866
1866, 758, 1868, 759
1867, 759, 1869, 1868
1866, 1868, 1867, 759
1868, 758, 1870, 1871
1869, 759, 1871, 1868
1868, 758, 759, 1871
1870, 760, 1872, 1871
1871, 761, 1873, 760
760, 1872, 1871, 1873
1872, 760, 1874, 1873
1873, 761, 1875, 1874
1873, 761, 760, 1874
1874, 762, 1876, 763
1875, 763, 1877, 1876
1874, 1876, 1875, 763
1876, 762, 1878, 1879
1877, 763, 1879, 1876
1876, 762, 763, 1879
1878, 764, 1880, 1879
1879, 765, 1881, 764
764, 1880, 1879, 1881
1880, 764, 1882, 1881
1881, 765, 1883, 1882
1881, 765, 764, 1882
1882, 766, 1884, 767
1883, 767, 1885, 1884
1882, 1884, 1883, 767
1884, 766, 1886, 1887
1885, 767, 1887, 1884
1884, 766, 767, 1887
1886, 768, 1888, 1887
1887, 769, 1889, 768
768, 1888, 1887, 1889
1888, 768, 1890, 1889
1889, 769, 1891, 1890
1889, 769, 768, 1890
1890, 770, 1892, 771
1891, 771, 1893, 1892
1890, 1892, 1891, 771
1892, 770, 1894, 1895
1893, 771, 1895, 1892
1892, 770, 771, 1895
1894, 772, 1896, 1895
1895, 773, 1897, 772
772, 1896, 1895, 1897
1896, 772, 1898, 1897
1897, 773, 1899, 1898
1897, 773, 772, 1898
1898, 774, 1900, 775
1899, 775, 1901, 1900
1898, 1900, 1899, 775
1900, 774, 1902, 1903
1901, 775, 1903, 1900
1900, 774, 775, 1903
1902, 776, 1904, 1903
1903, 777, 1905, 776
776, 1904, 1903, 1905
1904, 776, 1906, 1905
1905, 777, 1907, 1906
1905, 777, 776, 1906
1906, 778, 1908, 779
1907, 779, 1909, 1908
1906, 1908, 1907, 779
1908, 778, 1910, 1911
1909, 779, 1911, 1908
1908, 778, 779, 1911
1910, 780, 1912, 1911
1911, 781, 1913, 780
780, 1912, 1911, 1913
1912, 780, 1914, 1913
1913, 781, 1915, 1914
1913, 781, 780, 1914
1914, 782, 1916, 783
1915, 783, 1917, 1916
1914, 1916, 1915, 783
1916, 782, 1918, 1919
1917, 783, 1919, 1916
1916, 782, 783, 1919
1918, 784, 1920, 1919
1919, 785, 1921, 784
784, 1920, 1919, 1921
1920, 784, 1922, 1921
1921, 785, 1923, 1922
1921, 785, 784, 1922
1922, 786, 1924, 787
1923, 787, 1925, 1924
1922, 1924, 1923, 787
1924, 786, 1926, 1927
1925, 787, 1927, 1924
1924, 786, 787, 1927
1926, 788, 1928, 1927
1927, 789, 1929, 788
788, 1928, 1927, 1929
1928, 788, 1930, 1929
1929, 789, 1931, 1930
1929, 789, 788, 1930
1930, 790, 1932, 791
1931, 791, 1933, 1932
1930, 1932, 1931, 791
1932, 790, 1934, 1935
1933, 791, 1935, 1932
1932, 790, 791, 1935
1934, 792, 1936, 1935
1935, 793, 1937, 792
792, 1936, 1935, 1937
1936, 792, 1938, 1937
1937, 793, 1939, 1938
1937, 793, 792, 1938
1938, 794, 1940, 795
1939, 795, 1941, 1940
1938, 1940, 1939, 795
1940, 794, 1942, 1943
1941, 795, 1943, 1940
1940, 794, 795, 1943
1942, 796, 1944, 1943
1943, 797, 1945, 796
796, 1944, 1943, 1945
1944, 796, 1946, 1945
1945, 797, 1947, 1946
1945, 797, 796, 1946
1946, 798, 1948, 799
1947, 799, 1949, 1948
1946, 1948, 1947, 799
1948, 798, 1950, 1951
1949, 799, 1951, 1948
1948, 798, 799, 1951
1950, 800, 1952, 1951
1951, 801, 1953, 800
800, 1952, 1951, 1953
1952, 800, 1954, 1953
1953, 801, 1955, 1954
1953, 801, 800, 1954
1954, 802, 1956, 803
1955, 803, 1957, 1956
1954, 1956, 1955, 803
1956, 802, 1958, 1959
1957, 803, 1959, 1956
1956, 802, 803, 1959
1958, 804, 1960, 1959
1959, 805, 1961, 804
804, 1960, 1959, 1961
1960, 804, 1962, 1961
1961, 805, 1963, 1962
1961, 805, 804, 1962
1962, 806, 1964, 807
1963, 807, 1965, 1964
1962, 1964, 1963, 807
1964, 806, 1966, 1967
1965, 807, 1967, 1964
1964, 806, 807, 1967
1966, 808, 1968, 1967
1967, 809, 1969, 808
808, 1968, 1967, 1969
1968, 808, 1970, 1969
1969, 809, 1971, 1970
1969, 809, 808, 1970
1970, 810, 1972, 811
1971, 811, 1973, 1972
1970, 1972, 1971, 811
1972, 810, 1974, 1975
1973, 811, 1975, 1972
1972, 810, 811, 1975
1974, 812, 1976, 1975
1975, 813, 1977, 812
812, 1976, 1975, 1977
1976, 812, 1978, 1977
1977, 813, 1979, 1978
1977, 813, 812, 1978
1978, 814, 1980, 815
1979, 815, 1981, 1980
1978, 1980, 1979, 815
1980, 814, 1982, 1983
1981, 815, 1983, 1980
1980, 814, 815, 1983
1982, 816, 1984, 1983
1983, 817, 1985, 816
816, 1984, 1983, 1985
1984, 816, 1986, 1985
1985, 817, 1987, 1986
1985, 817, 816, 1986
1986, 818, 1988, 819
1987, 819, 1989, 1988
1986, 1988, 1987, 819
1988, 818, 1990, 1991
1989, 819, 1991, 1988
1988, 818, 819, 1991
1990, 820, 1992, 1991
1991, 821, 1993, 820
820, 1992, 1991, 1993
1992, 820, 1994, 1993
1993, 821, 1995, 1994
1993, 821, 820, 1994
1994, 822, 1996, 823
1995, 823, 1997, 1996
1994, 1996, 1995, 823
1996, 822, 1998, 1999
1997, 823, 1999, 1996
1996, 822, 823, 1999
1998, 824, 2000, 1999
1999, 825, 2001, 824
824, 2000, 1999, 2001
2000, 824, 2002, 2001
2001, 825, 2003, 2002
2001, 825, 824, 2002
2002, 826, 2004, 827
2003, 827, 2005, 2004
2002, 2004, 2003, 827
2004, 826, 2006, 2007
2005, 827, 2007, 2004
2004, 826, 827, 2007
2006, 828, 2008, 2007
2007, 829, 2009, 828
828, 2008, 2007, 2009
2008, 828, 2010, 2009
2009, 829, 2011, 2010
2009, 829, 828, 2010
2010, 830, 2012, 831
2011, 831, 2013, 2012
2010, 2012, 2011, 831
2012, 830, 2014, 2015
2013, 831, 2015, 2012
2012, 830, 831, 2015
2014, 832, 2016, 2015
2015, 833, 2017, 832
832, 2016, 2015, 2017
2016, 832, 2018, 2017
2017, 833, 2019, 2018
2017, 833, 832, 2018
2018, 834, 2020, 835
2019, 835, 2021, 2020
2018, 2020, 2019, 835
2020, 834, 2022, 2023
2021, 835, 2023, 2020
2020, 834, 835, 2023
2022, 836, 2024, 2023
2023, 837, 2025, 836
836, 2024, 2023, 2025
2024, 836, 2026, 2025
2025, 837, 2027, 2026
2025, 837, 836, 2026
2026, 838, 2028, 839
2027, 839, 2029, 2028
2026, 2028, 2027, 839
2028, 838, 2030, 2031
2029, 839, 2031, 2028
2028, 838, 839, 2031
2030, 840, 2032, 2031
2031, 841, 2033, 840
840, 2032, 2031, 2033
2032, 840, 2034, 2033
2033, 841, 2035, 2034
2033, 841, 840, 2034
2034, 842, 2036, 843
2035, 843, 2037, 2036
2034, 2036, 2035, 843
2036, 842, 2038, 2039
2037, 843, 2039, 2036
2036, 842, 843, 2039
2038, 844, 2040, 2039
2039, 845, 2041, 844
844, 2040, 2039, 2041
2040, 844, 2042, 2041
2041, 845, 2043, 2042
2041, 845, 844, 2042
2042, 846, 2044, 847
2043, 847, 2045, 2044
2042, 2044, 2043, 847
2044, 846, 2046, 2047
2045, 847, 2047, 2044
2044, 846, 847, 2047
2046, 848, 2048, 2047
2047, 849, 2049, 848
848, 2048, 2047, 2049
2048, 848, 2050, 2049
2049, 849, 2051, 2050
2049, 849, 848, 2050
2050, 850, 2052, 851
2051, 851, 2053, 2052
2050, 2052, 2051, 851
2052, 850, 2054, 2055
2053, 851, 2055, 2052
2052, 850, 851, 2055
2054, 852, 2056, 2055
2055, 853, 2057, 852
852, 2056, 2055, 2057
2056, 852, 2058, 2057
2057, 853, 2059, 2058
2057, 853, 852, 2058
2058, 854, 2060, 855
2059, 855, 2061, 2060
2058, 2060, 2059, 855
2060, 854, 2062, 2063
2061, 855, 2063, 2060
2060, 854, 855, 2063
2062, 856, 2064, 2063
2063, 857, 2065, 856
856, 2064, 2063, 2065
2064, 856, 2066, 2065
2065, 857, 2067, 2066
2065, 857, 856, 2066
2066, 858, 2068, 859
2067, 859, 2069, 2068
2066, 2068, 2067, 859
2068, 858, 2070, 2071
2069, 859, 2071, 2068
2068, 858, 859, 2071
2070, 860, 2072, 2071
2071, 861, 2073, 860
860, 2072, 2071, 2073
2072, 860, 2074, 2073
2073, 861, 2075, 2074
2073, 861, 860, 2074
2074, 862, 2076, 863
2075, 863, 2077, 2076
2074, 2076, 2075, 863
2076, 862, 2078, 2079
2077, 863, 2079, 2076
2076, 862, 863, 2079
2078, 864, 2080, 2079
2079, 865, 2081, 864
864, 2080, 2079, 2081
2080, 864, 2082, 2081
2081, 865, 2083, 2082
2081, 865, 864, 2082
2082, 866, 2084, 867
2083, 867, 2085, 2084
2082, 2084, 2083, 867
2084, 866, 2086, 2087
2085, 867, 2087, 2084
2084, 866, 867, 2087
2086, 868, 2088, 2087
2087, 869, 2089, 868
868, 2088, 2087, 2089
2088, 868, 2090, 2089
2089, 869, 2091, 2090
2089, 869, 868, 2090
2090, 870, 2092, 871
2091, 871, 2093, 2092
2090, 2092, 2091, 871
2092, 870, 2094, 2095
2093, 871, 2095, 2092
2092, 870, 871, 2095
2094, 872, 2096, 2095
2095, 873, 2097, 872
872, 2096, 2095, 2097
2096, 872, 2098, 2097
2097, 873, 2099, 2098
2097, 873, 872, 2098
2098, 874, 2100, 875
2099, 875, 2101, 2100
2098, 2100, 2099, 875
2100, 874, 2102, 2103
2101, 875, 2103, 2100
2100, 874, 875, 2103
2102, 876, 2104, 2103
2103, 877, 2105, 876
876, 2104, 2103, 2105
2104, 876, 2106, 2105
2105, 877, 2107, 2106
2105, 877, 876, 2106
2106, 878, 2108, 879
2107, 879, 2109, 2108
2106, 2108, 2107, 879
2108, 878, 2110, 2111
2109, 879, 2111, 2108
2108, 878, 879, 2111
2110, 880, 2112, 2111
2111, 881, 2113, 880
880, 2112, 2111, 2113
2112, 880, 2114, 2113
2113, 881, 2115, 2114
2113, 881, 880, 2114
2114, 882, 2116, 883
2115, 883, 2117, 2116
2114, 2116, 2115, 883
2116, 882, 2118, 2119
2117, 883, 2119, 2116
2116, 882, 883, 2119
2118, 884, 2120, 2119
2119, 885, 2121, 884
884, 2120, 2119, 2121
2120, 884, 2122, 2121
2121, 885, 2123, 2122
2121, 885, 884, 2122
2122, 886, 2124, 887
2123, 887, 2125, 2124
2122, 2124, 2123, 887
2124, 886, 2126, 2127
2125, 887, 2127, 2124
2124, 886, 887, 2127
2126, 888, 2128, 2127
2127, 889, 2129, 888
888, 2128, 2127, 2129
2128, 888, 2130, 2129
2129, 889, 2131, 2130
2129, 889, 888, 2130
2130, 890, 2132, 891
2131, 891, 2133, 2132
2130, 2132, 2131, 891
2132, 890, 2134, 2135
2133, 891, 2135, 2132
2132, 890, 891, 2135
2134, 892, 2136, 2135
2135, 893, 2137, 892
892, 2136, 2135, 2137
2136, 892, 2138, 2137
2137, 893, 2139, 2138
2137, 893, 892, 2138
2138, 894, 2140, 895
2139, 895, 2141, 2140
2138, 2140, 2139, 895
2140, 894, 2142, 2143
2141, 895, 2143, 2140
2140, 894, 895, 2143
2142, 896, 2144, 2143
2143, 897, 2145, 896
896, 2144, 2143, 2145
2144, 896, 2146, 2145
2145, 897, 2147, 2146
2145, 897, 896, 2146
2146, 898, 2148, 899
2147, 899, 2149, 2148
2146, 2148, 2147, 899
2148, 898, 2150, 2151
2149, 899, 2151, 2148
2148, 898, 899, 2151
2150, 900, 2152, 2151
2151, 901, 2153, 900
900, 2152, 2151, 2153
2152, 900, 2154, 2153
2153, 901, 2155, 2154
2153, 901, 900, 2154
2154, 902, 2156, 903
2155, 903, 2157, 2156
2154, 2156, 2155, 903
2156, 902, 2158, 2159
2157, 903, 2159, 2156
2156, 902, 903, 2159
2158, 904, 2160, 2159
2159, 905, 2161, 904
904, 2160, 2159, 2161
2160, 904, 2162, 2161
2161, 905, 2163, 2162
2161, 905, 904, 2162
2162, 906, 2164, 907
2163, 907, 2165, 2164
2162, 2164, 2163, 907
2164, 906, 2166, 2167
2165, 907, 2167, 2164
2164, 906, 907, 2167
2166, 908, 2168, 2167
2167, 909, 2169, 908
908, 2168, 2167, 2169
2168, 908, 2170, 2169
2169, 909, 2171, 2170
2169, 909, 908, 2170
2170, 910, 2172, 911
2171, 911, 2173, 2172
2170, 2172, 2171, 911
2172, 910, 2174, 2175
2173, 911, 2175, 2172
2172, 910, 911, 2175
2174, 912, 2176, 2175
2175, 913, 2177, 912
912, 2176, 2175, 2177
2176, 912, 2178, 2177
2177, 913, 2179, 2178
2177, 913, 912, 2178
2178, 914, 2180, 915
2179, 915, 2181, 2180
2178, 2180, 2179, 915
2180, 914, 2182, 2183
2181, 915, 2183, 2180
2180, 914, 915, 2183
2182, 916, 2184, 2183
2183, 917, 2185, 916
916, 2184, 2183, 2185
2184, 916, 2186, 2185
2185, 917, 2187, 2186
2185, 917, 916, 2186
2186, 918, 2188, 919
2187, 919, 2189, 2188
2186, 2188, 2187, 919
2188, 918, 2190, 2191
2189, 919, 2191, 2188
2188, 918, 919, 2191
2190, 920, 2192, 2191
2191, 921, 2193, 920
920, 2192, 2191, 2193
2192, 920, 2194, 2193
2193, 921, 2195, 2194
2193, 921, 920, 2194
2194, 922, 2196, 923
2195, 923, 2197, 2196
2194, 2196, 2195, 923
2196, 922, 2198, 2199
2197, 923, 2199, 2196
2196, 922, 923, 2199
2198, 924, 2200, 2199
2199, 925, 2201, 924
924, 2200, 2199, 2201
2200, 924, 2202, 2201
2201, 925, 2203, 2202
2201, 925, 924, 2202
2202, 926, 2204, 927
2203, 927, 2205, 2204
2202, 2204, 2203, 927
2204, 926, 2206, 2207
2205, 927, 2207, 2204
2204, 926, 927, 2207
2206, 928, 2208, 2207
2207, 929, 2209, 928
928, 2208, 2207, 2209
2208, 928, 2210, 2209
2209, 929, 2211, 2210
2209, 929, 928, 2210
2210, 930, 2212, 931
2211, 931, 2213, 2212
2210, 2212, 2211, 931
2212, 930, 2214, 2215
2213, 931, 2215, 2212
2212, 930, 931, 2215
2214, 932, 2216, 2215
2215, 933, 2217, 932
932, 2216, 2215, 2217
2216, 932, 2218, 2217
2217, 933, 2219, 2218
2217, 933, 932, 2218
2218, 934, 2220, 935
2219, 935, 2221, 2220
2218, 2220, 2219, 935
2220, 934, 2222, 2223
2221, 935, 2223, 2220
2220, 934, 935, 2223
2222, 936, 2224, 2223
2223, 937, 2225, 936
936, 2224, 2223, 2225
2224, 936, 2226, 2225
2225, 937, 2227, 2226
2225, 937, 936, 2226
2226, 938, 2228, 939
2227, 939, 2229, 2228
2226, 2228, 2227, 939
2228, 938, 2230, 2231
2229, 939, 2231, 2228
2228, 938, 939, 2231
2230, 940, 2232, 2231
2231, 941, 2233, 940
940, 2232, 2231, 2233
2232, 940, 2234, 2233
2233, 941, 2235, 2234
2233, 941, 940, 2234
2234, 942, 2236, 943
2235, 943, 2237, 2236
2234, 2236, 2235, 943
2236, 942, 2238, 2239
2237, 943, 2239, 2236
2236, 942, 943, 2239
2238, 944, 2240, 2239
2239, 945, 2241, 944
944, 2240, 2239, 2241
2240, 944, 2242, 2241
2241, 945, 2243, 2242
2241, 945, 944, 2242
2242, 946, 2244, 947
2243, 947, 2245, 2244
2242, 2244, 2243, 947
2244, 946, 2246, 2247
2245, 947, 2247, 2244
2244, 946, 947, 2247
2246, 948, 2248, 2247
2247, 949, 2249, 948
948, 2248, 2247, 2249
2248, 948, 2250, 2249
2249, 949, 2251, 2250
2249, 949, 948, 2250
2250, 950, 2252, 951
2251, 951, 2253, 2252
2250, 2252, 2251, 951
2252, 950, 2254, 2255
2253, 951, 2255, 2252
2252, 950, 951, 2255
2254, 952, 2256, 2255
2255, 953, 2257, 952
952, 2256, 2255, 2257
2256, 952, 2258, 2257
2257, 953, 2259, 2258
2257, 953, 952, 2258
2258, 954, 2260, 955
2259, 955, 2261, 2260
2258, 2260, 2259, 955
2260, 954, 2262, 2263
2261, 955, 2263, 2260
2260, 954, 955, 2263
2262, 956, 2264, 2263
2263, 957, 2265, 956
956, 2264, 2263, 2265
2264, 956, 2266, 2265
2265, 957, 2267, 2266
2265, 957, 956, 2266
2266, 958, 2268, 959
2267, 959, 2269, 2268
2266, 2268, 2267, 959
2268, 958, 2270, 2271
2269, 959, 2271, 2268
2268, 958, 959, 2271
2270, 960, 2272, 2271
2271, 961, 2273, 960
960, 2272, 2271, 2273
2272, 960, 2274, 2273
2273, 961, 2275, 2274
2273, 961, 960, 2274
2274, 962, 2276, 963
2275, 963, 2277, 2276
2274, 2276, 2275, 963
2276, 962, 2278, 2279
2277, 963, 2279, 2276
2276, 962, 963, 2279
2278, 964, 2280, 2279
2279, 965, 2281, 964
964, 2280, 2279, 2281
2280, 964, 2282, 2281
2281, 965, 2283, 2282
2281, 965, 964, 2282
2282, 966, 2284, 967
2283, 967, 2285, 2284
2282, 2284, 2283, 967
2284, 966, 2286, 2287
2285, 967, 2287, 2284
2284, 966, 967, 2287
2286, 968, 2288, 2287
2287, 969, 2289, 968
968, 2288, 2287, 2289
2288, 968, 2290, 2289
2289, 969, 2291, 2290
2289, 969, 968, 2290
2290, 970, 2292, 971
2291, 971, 2293, 2292
2290, 2292, 2291, 971
2292, 970, 2294, 2295
2293, 971, 2295, 2292
2292, 970, 971, 2295
2294, 972, 2296, 2295
2295, 973, 2297, 972
972, 2296, 2295, 2297
2296, 972, 2298, 2297
2297, 973, 2299, 2298
2297, 973, 972, 2298
2298, 974, 2300, 975
2299, 975, 2301, 2300
2298, 2300, 2299, 975
2300, 974, 2302, 2303
2301, 975, 2303, 2300
2300, 974, 975, 2303
2302, 976, 2304, 2303
2303, 977, 2305, 976
976, 2304, 2303, 2305
2304, 976, 2306, 2305
2305, 977, 2307, 2306
2305, 977, 976, 2306
2306, 978, 2308, 979
2307, 979, 2309, 2308
2306, 2308, 2307, 979
2308, 978, 2310, 2311
2309, 979, 2311, 2308
2308, 978, 979, 2311
2310, 980, 2312, 2311
2311, 981, 2313, 980
980, 2312, 2311, 2313
2312, 980, 2314, 2313
2313, 981, 2315, 2314
2313, 981, 980, 2314
2314, 982, 2316, 983
2315, 983, 2317, 2316
2314, 2316, 2315, 983
2316, 982, 2318, 2319
2317, 983, 2319, 2316
2316, 982, 983, 2319
2318, 984, 2320, 2319
2319, 985, 2321, 984
984, 2320, 2319, 2321
2320, 984, 2322, 2321
2321, 985, 2323, 2322
2321, 985, 984, 2322
2322, 986, 2324, 987
2323, 987, 2325, 2324
2322, 2324, 2323, 987
2324, 986, 2326, 2327
2325, 987, 2327, 2324
2324, 986, 987, 2327
2326, 988, 2328, 2327
2327, 989, 2329, 988
988, 2328, 2327, 2329
2328, 988, 2330, 2329
2329, 989, 2331, 2330
2329, 989, 988, 2330
2330, 990, 2332, 991
2331, 991, 2333, 2332
2330, 2332, 2331, 991
2332, 990, 2334, 2335
2333, 991, 2335, 2332
2332, 990, 991, 2335
2334, 992, 2336, 2335
2335, 993, 2337, 992
992, 2336, 2335, 2337
2336, 992, 2338, 2337
2337, 993, 2339, 2338
2337, 993, 992, 2338
2338, 994, 2340, 995
2339, 995, 2341, 2340
2338, 2340, 2339, 995
2340, 994, 2342, 2343
2341, 995, 2343, 2340
2340, 994, 995, 2343
2342, 996, 2344, 2343
2343, 997, 2345, 996
996, 2344, 2343, 2345
2344, 996, 2346, 2345
2345, 997, 2347, 2346
2345, 997, 996, 2346
2346, 998, 2348, 999
2347, 999, 2349, 2348
2346, 2348, 2347, 999
2348, 998, 2350, 2351
2349, 999, 2351, 2348
2348, 998, 999, 2351
2350, 1000, 2352, 2351
2351, 1001, 2353, 1000
1000, 2352, 2351, 2353
2352, 1000, 2354, 2353
2353, 1001, 2355, 2354
2353, 1001, 1000, 2354
2354, 1002, 2356, 1003
2355, 1003, 2357, 2356
2354, 2356, 2355, 1003
2356, 1002, 2358, 2359
2357, 1003, 2359, 2356
2356, 1002, 1003, 2359
2358, 1004, 2360, 2359
2359, 1005, 2361, 1004
1004, 2360, 2359, 2361
2360, 1004, 2362, 2361
2361, 1005, 2363, 2362
2361, 1005, 1004, 2362
2362, 1006, 2364, 1007
2363, 1007, 2365, 2364
2362, 2364, 2363, 1007
2364, 1006, 2366, 2367
2365, 1007, 2367, 2364
2364, 1006, 1007, 2367
2366, 1008, 2368, 2367
2367, 1009, 2369, 1008
1008, 2368, 2367, 2369
2368, 1008, 2370, 2369
2369, 1009, 2371, 2370
2369, 1009, 1008, 2370
2370, 1010, 2372, 1011
2371, 1011, 2373, 2372
2370, 2372, 2371, 1011
2372, 1010, 2374, 2375
2373, 1011, 2375, 2372
2372, 1010, 1011, 2375
2374, 1012, 2376, 2375
2375, 1013, 2377, 1012
1012, 2376, 2375, 2377
2376, 1012, 2378, 2377
2377, 1013, 2379, 2378
2377, 1013, 1012, 2378
2378, 1014, 2380, 1015
2379, 1015, 2381, 2380
2378, 2380, 2379, 1015
2380, 1014, 2382, 2383
2381, 1015, 2383, 2380
2380, 1014, 1015, 2383
2382, 1016, 2384, 2383
2383, 1017, 2385, 1016
1016, 2384, 2383, 2385
2384, 1016, 2386, 2385
2385, 1017, 2387, 2386
2385, 1017, 1016, 2386
2386, 1018, 2388, 1019
2387, 1019, 2389, 2388
2386, 2388, 2387, 1019
2388, 1018, 2390, 2391
2389, 1019, 2391, 2388
2388, 1018, 1019, 2391
2390, 1020, 2392, 2391
2391, 1021, 2393, 1020
1020, 2392, 2391, 2393
2392, 1020, 2394, 2393
2393, 1021, 2395, 2394
2393, 1021, 1020, 2394
2394, 1022, 2396, 1023
2395, 1023, 2397, 2396
2394, 2396, 2395, 1023
2396, 1022, 2398, 2399
2397, 1023, 2399, 2396
2396, 1022, 1023, 2399
2398, 1024, 2400, 2399
2399, 1025, 2401, 1024
1024, 2400, 2399, 2401
2400, 1024, 2402, 2401
2401, 1025, 2403, 2402
2401, 1025, 1024, 2402
2402, 1026, 2404, 1027
2403, 1027, 2405, 2404
2402, 2404, 2403, 1027
2404, 1026, 2406, 2407
2405, 1027, 2407, 2404
2404, 1026, 1027, 2407
2406, 1028, 2408, 2407
2407, 1029, 2409, 1028
1028, 2408, 2407, 2409
2408, 1028, 2410, 2409
2409, 1029, 2411, 2410
2409, 1029, 1028, 2410
2410, 1030, 2412, 1031
2411, 1031, 2413, 2412
2410, 2412, 2411, 1031
2412, 1030, 2414, 2415
2413, 1031, 2415, 2412
2412, 1030, 1031, 2415
2414, 1032, 2416, 2415
2415, 1033, 2417, 1032
1032, 2416, 2415, 2417
2416, 1032, 2418, 2417
2417, 1033, 2419, 2418
2417, 1033, 1032, 2418
2418, 1034, 2420, 1035
2419, 1035, 2421, 2420
2418, 2420, 2419, 1035
2420, 1034, 2422, 2423
2421, 1035, 2423, 2420
2420, 1034, 1035, 2423
2422, 1036, 2424, 2423
2423, 1037, 2425, 1036
1036, 2424, 2423, 2425
2424, 1036, 2426, 2425
2425, 1037, 2427, 2426
2425, 1037, 1036, 2426
2426, 1038, 2428, 1039
2427, 1039, 2429, 2428
2426, 2428, 2427, 1039
2428, 1038, 2430, 2431
2429, 1039, 2431, 2428
2428, 1038, 1039, 2431
2430, 1040, 2432, 2431
2431, 1041, 2433, 1040
1040, 2432, 2431, 2433
2432, 1040, 2434, 2433
2433, 1041, 2435, 2434
2433, 1041, 1040, 2434
2434, 1042, 2436, 1043
2435, 1043, 2437, 2436
2434, 2436, 2435, 1043
2436, 1042, 2438, 2439
2437, 1043, 2439, 2436
2436, 1042, 1043, 2439
2438, 1044, 2440, 2439
2439, 1045, 2441, 1044
1044, 2440, 2439, 2441
2440, 1044, 2442, 2441
2441, 1045, 2443, 2442
2441, 1045, 1044, 2442
2442, 1046, 2444, 1047
2443, 1047, 2445, 2444
2442, 2444, 2443, 1047
2444, 1046, 2446, 2447
2445, 1047, 2447, 2444
2444, 1046, 1047, 2447
2446, 1048, 2448, 2447
2447, 1049, 2449, 1048
1048, 2448, 2447, 2449
2448, 1048, 2450, 2449
2449, 1049, 2451, 2450
2449, 1049, 1048, 2450
2450, 1050, 2452, 1051
2451, 1051, 2453, 2452
2450, 2452, 2451, 1051
2452, 1050, 2454, 2455
2453, 1051, 2455, 2452
2452, 1050, 1051, 2455
2454, 1052, 2456, 2455
2455, 1053, 2457, 1052
1052, 2456, 2455, 2457
2456, 1052, 2458, 2457
2457, 1053, 2459, 2458
2457, 1053, 1052, 2458
2458, 1054, 2460, 1055
2459, 1055, 2461, 2460
2458, 2460, 2459, 1055
2460, 1054, 2462, 2463
2461, 1055, 2463, 2460
2460, 1054, 1055, 2463
2462, 1056, 2464, 2463
2463, 1057, 2465, 1056
1056, 2464, 2463, 2465
2464, 1056, 2466, 2465
2465, 1057, 2467, 2466
2465, 1057, 1056, 2466
2466, 1058, 2468, 1059
2467, 1059, 2469, 2468
2466, 2468, 2467, 1059
2468, 1058, 2470, 2471
2469, 1059, 2471, 2468
2468, 1058, 1059, 2471
2470, 1060, 2472, 2471
2471, 1061, 2473, 1060
1060, 2472, 2471, 2473
2472, 1060, 2474, 2473
2473, 1061, 2475, 2474
2473, 1061, 1060, 2474
2474, 354, 2476, 355
2475, 355, 2477, 2476
2474, 2476, 2475, 355
2476, 354, 1062, 1063
2477, 355, 1063, 2476
2476, 354, 355, 1063
