48, 16, 19, 49
49, 40, 43, 19
49, 40, 16, 19
52, 19, 20, 53
53, 43, 44, 20
53, 43, 19, 20
56, 20, 21, 57
57, 44, 45, 21
57, 44, 20, 21
60, 21, 23, 61
61, 45, 47, 23
61, 45, 21, 23
64, 23, 22, 65
65, 47, 46, 22
65, 47, 23, 22
68, 22, 18, 69
69, 46, 42, 18
69, 46, 22, 18
72, 18, 17, 73
73, 42, 41, 17
73, 42, 18, 17
76, 17, 14, 77
77, 41, 38, 14
77, 41, 17, 14
80, 14, 12, 81
81, 38, 36, 12
81, 38, 14, 12
84, 12, 10, 85
85, 36, 34, 10
85, 36, 12, 10
88, 10, 8, 89
89, 34, 32, 8
89, 34, 10, 8
92, 8, 6, 93
93, 32, 30, 6
93, 32, 8, 6
96, 6, 4, 97
97, 30, 28, 4
97, 30, 6, 4
100, 4, 2, 101
101, 28, 26, 2
101, 28, 4, 2
104, 2, 1, 105
105, 26, 25, 1
105, 26, 2, 1
108, 1, 0, 109
109, 25, 24, 0
109, 25, 1, 0
112, 0, 3, 113
113, 24, 27, 3
113, 24, 0, 3
116, 3, 5, 117
117, 27, 29, 5
117, 27, 3, 5
120, 5, 7, 121
121, 29, 31, 7
121, 29, 5, 7
124, 7, 9, 125
125, 31, 33, 9
125, 31, 7, 9
128, 9, 11, 129
129, 33, 35, 11
129, 33, 9, 11
132, 11, 13, 133
133, 35, 37, 13
133, 35, 11, 13
136, 13, 15, 137
137, 37, 39, 15
137, 37, 13, 15
140, 15, 16, 141
141, 39, 40, 16
141, 39, 15, 16
48, 19, 50, 49
49, 43, 51, 50
49, 43, 19, 50
50, 19, 52, 53
51, 43, 53, 50
50, 19, 43, 53
52, 20, 54, 53
53, 44, 55, 54
53, 44, 20, 54
54, 20, 56, 57
55, 44, 57, 54
54, 20, 44, 57
56, 21, 58, 57
57, 45, 59, 58
57, 45, 21, 58
58, 21, 60, 61
59, 45, 61, 58
58, 21, 45, 61
60, 23, 62, 61
61, 47, 63, 62
61, 47, 23, 62
62, 23, 64, 65
63, 47, 65, 62
62, 23, 47, 65
64, 22, 66, 65
65, 46, 67, 66
65, 46, 22, 66
66, 22, 68, 69
67, 46, 69, 66
66, 22, 46, 69
68, 18, 70, 69
69, 42, 71, 70
69, 42, 18, 70
70, 18, 72, 73
71, 42, 73, 70
70, 18, 42, 73
72, 17, 74, 73
73, 41, 75, 74
73, 41, 17, 74
74, 17, 76, 77
75, 41, 77, 74
74, 17, 41, 77
76, 14, 78, 77
77, 38, 79, 78
77, 38, 14, 78
78, 14, 80, 81
79, 38, 81, 78
78, 14, 38, 81
80, 12, 82, 81
81, 36, 83, 82
81, 36, 12, 82
82, 12, 84, 85
83, 36, 85, 82
82, 12, 36, 85
84, 10, 86, 85
85, 34, 87, 86
85, 34, 10, 86
86, 10, 88, 89
87, 34, 89, 86
86, 10, 34, 89
88, 8, 90, 89
89, 32, 91, 90
89, 32, 8, 90
90, 8, 92, 93
91, 32, 93, 90
90, 8, 32, 93
92, 6, 94, 93
93, 30, 95, 94
93, 30, 6, 94
94, 6, 96, 97
95, 30, 97, 94
94, 6, 30, 97
96, 4, 98, 97
97, 28, 99, 98
97, 28, 4, 98
98, 4, 100, 101
99, 28, 101, 98
98, 4, 28, 101
100, 2, 102, 101
101, 26, 103, 102
101, 26, 2, 102
102, 2, 104, 105
103, 26, 105, 102
102, 2, 26, 105
104, 1, 106, 105
105, 25, 107, 106
105, 25, 1, 106
106, 1, 108, 109
107, 25, 109, 106
106, 1, 25, 109
108, 0, 110, 109
109, 24, 111, 110
109, 24, 0, 110
110, 0, 112, 113
111, 24, 113, 110
110, 0, 24, 113
112, 3, 114, 113
113, 27, 115, 114
113, 27, 3, 114
114, 3, 116, 117
115, 27, 117, 114
114, 3, 27, 117
116, 5, 118, 117
117, 29, 119, 118
117, 29, 5, 118
118, 5, 120, 121
119, 29, 121, 118
118, 5, 29, 121
120, 7, 122, 121
121, 31, 123, 122
121, 31, 7, 122
122, 7, 124, 125
123, 31, 125, 122
122, 7, 31, 125
124, 9, 126, 125
125, 33, 127, 126
125, 33, 9, 126
126, 9, 128, 129
127, 33, 129, 126
126, 9, 33, 129
128, 11, 130, 129
129, 35, 131, 130
129, 35, 11, 130
130, 11, 132, 133
131, 35, 133, 130
130, 11, 35, 133
132, 13, 134, 133
133, 37, 135, 134
133, 37, 13, 134
134, 13, 136, 137
135, 37, 137, 134
134, 13, 37, 137
136, 15, 138, 137
137, 39, 139, 138
137, 39, 15, 138
138, 15, 140, 141
139, 39, 141, 138
138, 15, 39, 141
140, 16, 142, 141
141, 40, 143, 142
141, 40, 16, 142
142, 16, 48, 49
143, 40, 49, 142
142, 16, 40, 49
144, 48, 50, 145
145, 49, 51, 50
145, 49, 48, 50
50, 52, 148, 53
51, 53, 149, 148
50, 148, 51, 53
152, 52, 54, 153
153, 53, 55, 54
153, 53, 52, 54
54, 56, 156, 57
55, 57, 157, 156
54, 156, 55, 57
160, 56, 58, 161
161, 57, 59, 58
161, 57, 56, 58
58, 60, 164, 61
59, 61, 165, 164
58, 164, 59, 61
168, 60, 62, 169
169, 61, 63, 62
169, 61, 60, 62
62, 64, 172, 65
63, 65, 173, 172
62, 172, 63, 65
176, 64, 66, 177
177, 65, 67, 66
177, 65, 64, 66
66, 68, 180, 69
67, 69, 181, 180
66, 180, 67, 69
184, 68, 70, 185
185, 69, 71, 70
185, 69, 68, 70
70, 72, 188, 73
71, 73, 189, 188
70, 188, 71, 73
192, 72, 74, 193
193, 73, 75, 74
193, 73, 72, 74
74, 76, 196, 77
75, 77, 197, 196
74, 196, 75, 77
200, 76, 78, 201
201, 77, 79, 78
201, 77, 76, 78
78, 80, 204, 81
79, 81, 205, 204
78, 204, 79, 81
208, 80, 82, 209
209, 81, 83, 82
209, 81, 80, 82
82, 84, 212, 85
83, 85, 213, 212
82, 212, 83, 85
216, 84, 86, 217
217, 85, 87, 86
217, 85, 84, 86
86, 88, 220, 89
87, 89, 221, 220
86, 220, 87, 89
224, 88, 90, 225
225, 89, 91, 90
225, 89, 88, 90
90, 92, 228, 93
91, 93, 229, 228
90, 228, 91, 93
232, 92, 94, 233
233, 93, 95, 94
233, 93, 92, 94
94, 96, 236, 97
95, 97, 237, 236
94, 236, 95, 97
240, 96, 98, 241
241, 97, 99, 98
241, 97, 96, 98
98, 100, 244, 101
99, 101, 245, 244
98, 244, 99, 101
248, 100, 102, 249
249, 101, 103, 102
249, 101, 100, 102
102, 104, 252, 105
103, 105, 253, 252
102, 252, 103, 105
256, 104, 106, 257
257, 105, 107, 106
257, 105, 104, 106
106, 108, 260, 109
107, 109, 261, 260
106, 260, 107, 109
264, 108, 110, 265
265, 109, 111, 110
265, 109, 108, 110
110, 112, 268, 113
111, 113, 269, 268
110, 268, 111, 113
272, 112, 114, 273
273, 113, 115, 114
273, 113, 112, 114
114, 116, 276, 117
115, 117, 277, 276
114, 276, 115, 117
280, 116, 118, 281
281, 117, 119, 118
281, 117, 116, 118
118, 120, 284, 121
119, 121, 285, 284
118, 284, 119, 121
288, 120, 122, 289
289, 121, 123, 122
289, 121, 120, 122
122, 124, 292, 125
123, 125, 293, 292
122, 292, 123, 125
296, 124, 126, 297
297, 125, 127, 126
297, 125, 124, 126
126, 128, 300, 129
127, 129, 301, 300
126, 300, 127, 129
304, 128, 130, 305
305, 129, 131, 130
305, 129, 128, 130
130, 132, 308, 133
131, 133, 309, 308
130, 308, 131, 133
312, 132, 134, 313
313, 133, 135, 134
313, 133, 132, 134
134, 136, 316, 137
135, 137, 317, 316
134, 316, 135, 137
320, 136, 138, 321
321, 137, 139, 138
321, 137, 136, 138
138, 140, 324, 141
139, 141, 325, 324
138, 324, 139, 141
328, 140, 142, 329
329, 141, 143, 142
329, 141, 140, 142
142, 48, 332, 49
143, 49, 333, 332
142, 332, 143, 49
144, 50, 146, 145
145, 51, 147, 50
50, 146, 145, 147
146, 50, 148, 147
147, 51, 149, 148
147, 51, 50, 148
148, 52, 150, 53
149, 53, 151, 150
148, 150, 149, 53
150, 52, 152, 153
151, 53, 153, 150
150, 52, 53, 153
152, 54, 154, 153
153, 55, 155, 54
54, 154, 153, 155
154, 54, 156, 155
155, 55, 157, 156
155, 55, 54, 156
156, 56, 158, 57
157, 57, 159, 158
156, 158, 157, 57
158, 56, 160, 161
159, 57, 161, 158
158, 56, 57, 161
160, 58, 162, 161
161, 59, 163, 58
58, 162, 161, 163
162, 58, 164, 163
163, 59, 165, 164
163, 59, 58, 164
164, 60, 166, 61
165, 61, 167, 166
164, 166, 165, 61
166, 60, 168, 169
167, 61, 169, 166
166, 60, 61, 169
168, 62, 170, 169
169, 63, 171, 62
62, 170, 169, 171
170, 62, 172, 171
171, 63, 173, 172
171, 63, 62, 172
172, 64, 174, 65
173, 65, 175, 174
172, 174, 173, 65
174, 64, 176, 177
175, 65, 177, 174
174, 64, 65, 177
176, 66, 178, 177
177, 67, 179, 66
66, 178, 177, 179
178, 66, 180, 179
179, 67, 181, 180
179, 67, 66, 180
180, 68, 182, 69
181, 69, 183, 182
180, 182, 181, 69
182, 68, 184, 185
183, 69, 185, 182
182, 68, 69, 185
184, 70, 186, 185
185, 71, 187, 70
70, 186, 185, 187
186, 70, 188, 187
187, 71, 189, 188
187, 71, 70, 188
188, 72, 190, 73
189, 73, 191, 190
188, 190, 189, 73
190, 72, 192, 193
191, 73, 193, 190
190, 72, 73, 193
192, 74, 194, 193
193, 75, 195, 74
74, 194, 193, 195
194, 74, 196, 195
195, 75, 197, 196
195, 75, 74, 196
196, 76, 198, 77
197, 77, 199, 198
196, 198, 197, 77
198, 76, 200, 201
199, 77, 201, 198
198, 76, 77, 201
200, 78, 202, 201
201, 79, 203, 78
78, 202, 201, 203
202, 78, 204, 203
203, 79, 205, 204
203, 79, 78, 204
204, 80, 206, 81
205, 81, 207, 206
204, 206, 205, 81
206, 80, 208, 209
207, 81, 209, 206
206, 80, 81, 209
208, 82, 210, 209
209, 83, 211, 82
82, 210, 209, 211
210, 82, 212, 211
211, 83, 213, 212
211, 83, 82, 212
212, 84, 214, 85
213, 85, 215, 214
212, 214, 213, 85
214, 84, 216, 217
215, 85, 217, 214
214, 84, 85, 217
216, 86, 218, 217
217, 87, 219, 86
86, 218, 217, 219
218, 86, 220, 219
219, 87, 221, 220
219, 87, 86, 220
220, 88, 222, 89
221, 89, 223, 222
220, 222, 221, 89
222, 88, 224, 225
223, 89, 225, 222
222, 88, 89, 225
224, 90, 226, 225
225, 91, 227, 90
90, 226, 225, 227
226, 90, 228, 227
227, 91, 229, 228
227, 91, 90, 228
228, 92, 230, 93
229, 93, 231, 230
228, 230, 229, 93
230, 92, 232, 233
231, 93, 233, 230
230, 92, 93, 233
232, 94, 234, 233
233, 95, 235, 94
94, 234, 233, 235
234, 94, 236, 235
235, 95, 237, 236
235, 95, 94, 236
236, 96, 238, 97
237, 97, 239, 238
236, 238, 237, 97
238, 96, 240, 241
239, 97, 241, 238
238, 96, 97, 241
240, 98, 242, 241
241, 99, 243, 98
98, 242, 241, 243
242, 98, 244, 243
243, 99, 245, 244
243, 99, 98, 244
244, 100, 246, 101
245, 101, 247, 246
244, 246, 245, 101
246, 100, 248, 249
247, 101, 249, 246
246, 100, 101, 249
248, 102, 250, 249
249, 103, 251, 102
102, 250, 249, 251
250, 102, 252, 251
251, 103, 253, 252
251, 103, 102, 252
252, 104, 254, 105
253, 105, 255, 254
252, 254, 253, 105
254, 104, 256, 257
255, 105, 257, 254
254, 104, 105, 257
256, 106, 258, 257
257, 107, 259, 106
106, 258, 257, 259
258, 106, 260, 259
259, 107, 261, 260
259, 107, 106, 260
260, 108, 262, 109
261, 109, 263, 262
260, 262, 261, 109
262, 108, 264, 265
263, 109, 265, 262
262, 108, 109, 265
264, 110, 266, 265
265, 111, 267, 110
110, 266, 265, 267
266, 110, 268, 267
267, 111, 269, 268
267, 111, 110, 268
268, 112, 270, 113
269, 113, 271, 270
268, 270, 269, 113
270, 112, 272, 273
271, 113, 273, 270
270, 112, 113, 273
272, 114, 274, 273
273, 115, 275, 114
114, 274, 273, 275
274, 114, 276, 275
275, 115, 277, 276
275, 115, 114, 276
276, 116, 278, 117
277, 117, 279, 278
276, 278, 277, 117
278, 116, 280, 281
279, 117, 281, 278
278, 116, 117, 281
280, 118, 282, 281
281, 119, 283, 118
118, 282, 281, 283
282, 118, 284, 283
283, 119, 285, 284
283, 119, 118, 284
284, 120, 286, 121
285, 121, 287, 286
284, 286, 285, 121
286, 120, 288, 289
287, 121, 289, 286
286, 120, 121, 289
288, 122, 290, 289
289, 123, 291, 122
122, 290, 289, 291
290, 122, 292, 291
291, 123, 293, 292
291, 123, 122, 292
292, 124, 294, 125
293, 125, 295, 294
292, 294, 293, 125
294, 124, 296, 297
295, 125, 297, 294
294, 124, 125, 297
296, 126, 298, 297
297, 127, 299, 126
126, 298, 297, 299
298, 126, 300, 299
299, 127, 301, 300
299, 127, 126, 300
300, 128, 302, 129
301, 129, 303, 302
300, 302, 301, 129
302, 128, 304, 305
303, 129, 305, 302
302, 128, 129, 305
304, 130, 306, 305
305, 131, 307, 130
130, 306, 305, 307
306, 130, 308, 307
307, 131, 309, 308
307, 131, 130, 308
308, 132, 310, 133
309, 133, 311, 310
308, 310, 309, 133
310, 132, 312, 313
311, 133, 313, 310
310, 132, 133, 313
312, 134, 314, 313
313, 135, 315, 134
134, 314, 313, 315
314, 134, 316, 315
315, 135, 317, 316
315, 135, 134, 316
316, 136, 318, 137
317, 137, 319, 318
316, 318, 317, 137
318, 136, 320, 321
319, 137, 321, 318
318, 136, 137, 321
320, 138, 322, 321
321, 139, 323, 138
138, 322, 321, 323
322, 138, 324, 323
323, 139, 325, 324
323, 139, 138, 324
324, 140, 326, 141
325, 141, 327, 326
324, 326, 325, 141
326, 140, 328, 329
327, 141, 329, 326
326, 140, 141, 329
328, 142, 330, 329
329, 143, 331, 142
142, 330, 329, 331
330, 142, 332, 331
331, 143, 333, 332
331, 143, 142, 332
332, 48, 334, 49
333, 49, 335, 334
332, 334, 333, 49
334, 48, 144, 145
335, 49, 145, 334
334, 48, 49, 145
336, 144, 146, 337
337, 145, 147, 146
337, 145, 144, 146
340, 146, 148, 341
341, 147, 149, 148
341, 147, 146, 148
344, 148, 150, 345
345, 149, 151, 150
345, 149, 148, 150
150, 152, 348, 153
151, 153, 349, 348
150, 348, 151, 153
352, 152, 154, 353
353, 153, 155, 154
353, 153, 152, 154
356, 154, 156, 357
357, 155, 157, 156
357, 155, 154, 156
360, 156, 158, 361
361, 157, 159, 158
361, 157, 156, 158
158, 160, 364, 161
159, 161, 365, 364
158, 364, 159, 161
368, 160, 162, 369
369, 161, 163, 162
369, 161, 160, 162
372, 162, 164, 373
373, 163, 165, 164
373, 163, 162, 164
376, 164, 166, 377
377, 165, 167, 166
377, 165, 164, 166
166, 168, 380, 169
167, 169, 381, 380
166, 380, 167, 169
384, 168, 170, 385
385, 169, 171, 170
385, 169, 168, 170
388, 170, 172, 389
389, 171, 173, 172
389, 171, 170, 172
392, 172, 174, 393
393, 173, 175, 174
393, 173, 172, 174
174, 176, 396, 177
175, 177, 397, 396
174, 396, 175, 177
400, 176, 178, 401
401, 177, 179, 178
401, 177, 176, 178
404, 178, 180, 405
405, 179, 181, 180
405, 179, 178, 180
408, 180, 182, 409
409, 181, 183, 182
409, 181, 180, 182
182, 184, 412, 185
183, 185, 413, 412
182, 412, 183, 185
416, 184, 186, 417
417, 185, 187, 186
417, 185, 184, 186
420, 186, 188, 421
421, 187, 189, 188
421, 187, 186, 188
424, 188, 190, 425
425, 189, 191, 190
425, 189, 188, 190
190, 192, 428, 193
191, 193, 429, 428
190, 428, 191, 193
432, 192, 194, 433
433, 193, 195, 194
433, 193, 192, 194
436, 194, 196, 437
437, 195, 197, 196
437, 195, 194, 196
440, 196, 198, 441
441, 197, 199, 198
441, 197, 196, 198
198, 200, 444, 201
199, 201, 445, 444
198, 444, 199, 201
448, 200, 202, 449
449, 201, 203, 202
449, 201, 200, 202
452, 202, 204, 453
453, 203, 205, 204
453, 203, 202, 204
456, 204, 206, 457
457, 205, 207, 206
457, 205, 204, 206
206, 208, 460, 209
207, 209, 461, 460
206, 460, 207, 209
464, 208, 210, 465
465, 209, 211, 210
465, 209, 208, 210
468, 210, 212, 469
469, 211, 213, 212
469, 211, 210, 212
472, 212, 214, 473
473, 213, 215, 214
473, 213, 212, 214
214, 216, 476, 217
215, 217, 477, 476
214, 476, 215, 217
480, 216, 218, 481
481, 217, 219, 218
481, 217, 216, 218
484, 218, 220, 485
485, 219, 221, 220
485, 219, 218, 220
488, 220, 222, 489
489, 221, 223, 222
489, 221, 220, 222
222, 224, 492, 225
223, 225, 493, 492
222, 492, 223, 225
496, 224, 226, 497
497, 225, 227, 226
497, 225, 224, 226
500, 226, 228, 501
501, 227, 229, 228
501, 227, 226, 228
504, 228, 230, 505
505, 229, 231, 230
505, 229, 228, 230
230, 232, 508, 233
231, 233, 509, 508
230, 508, 231, 233
512, 232, 234, 513
513, 233, 235, 234
513, 233, 232, 234
516, 234, 236, 517
517, 235, 237, 236
517, 235, 234, 236
520, 236, 238, 521
521, 237, 239, 238
521, 237, 236, 238
238, 240, 524, 241
239, 241, 525, 524
238, 524, 239, 241
528, 240, 242, 529
529, 241, 243, 242
529, 241, 240, 242
532, 242, 244, 533
533, 243, 245, 244
533, 243, 242, 244
536, 244, 246, 537
537, 245, 247, 246
537, 245, 244, 246
246, 248, 540, 249
247, 249, 541, 540
246, 540, 247, 249
544, 248, 250, 545
545, 249, 251, 250
545, 249, 248, 250
548, 250, 252, 549
549, 251, 253, 252
549, 251, 250, 252
552, 252, 254, 553
553, 253, 255, 254
553, 253, 252, 254
254, 256, 556, 257
255, 257, 557, 556
254, 556, 255, 257
560, 256, 258, 561
561, 257, 259, 258
561, 257, 256, 258
564, 258, 260, 565
565, 259, 261, 260
565, 259, 258, 260
568, 260, 262, 569
569, 261, 263, 262
569, 261, 260, 262
262, 264, 572, 265
263, 265, 573, 572
262, 572, 263, 265
576, 264, 266, 577
577, 265, 267, 266
577, 265, 264, 266
580, 266, 268, 581
581, 267, 269, 268
581, 267, 266, 268
584, 268, 270, 585
585, 269, 271, 270
585, 269, 268, 270
270, 272, 588, 273
271, 273, 589, 588
270, 588, 271, 273
592, 272, 274, 593
593, 273, 275, 274
593, 273, 272, 274
596, 274, 276, 597
597, 275, 277, 276
597, 275, 274, 276
600, 276, 278, 601
601, 277, 279, 278
601, 277, 276, 278
278, 280, 604, 281
279, 281, 605, 604
278, 604, 279, 281
608, 280, 282, 609
609, 281, 283, 282
609, 281, 280, 282
612, 282, 284, 613
613, 283, 285, 284
613, 283, 282, 284
616, 284, 286, 617
617, 285, 287, 286
617, 285, 284, 286
286, 288, 620, 289
287, 289, 621, 620
286, 620, 287, 289
624, 288, 290, 625
625, 289, 291, 290
625, 289, 288, 290
628, 290, 292, 629
629, 291, 293, 292
629, 291, 290, 292
632, 292, 294, 633
633, 293, 295, 294
633, 293, 292, 294
294, 296, 636, 297
295, 297, 637, 636
294, 636, 295, 297
640, 296, 298, 641
641, 297, 299, 298
641, 297, 296, 298
644, 298, 300, 645
645, 299, 301, 300
645, 299, 298, 300
648, 300, 302, 649
649, 301, 303, 302
649, 301, 300, 302
302, 304, 652, 305
303, 305, 653, 652
302, 652, 303, 305
656, 304, 306, 657
657, 305, 307, 306
657, 305, 304, 306
660, 306, 308, 661
661, 307, 309, 308
661, 307, 306, 308
664, 308, 310, 665
665, 309, 311, 310
665, 309, 308, 310
310, 312, 668, 313
311, 313, 669, 668
310, 668, 311, 313
672, 312, 314, 673
673, 313, 315, 314
673, 313, 312, 314
676, 314, 316, 677
677, 315, 317, 316
677, 315, 314, 316
680, 316, 318, 681
681, 317, 319, 318
681, 317, 316, 318
318, 320, 684, 321
319, 321, 685, 684
318, 684, 319, 321
688, 320, 322, 689
689, 321, 323, 322
689, 321, 320, 322
692, 322, 324, 693
693, 323, 325, 324
693, 323, 322, 324
696, 324, 326, 697
697, 325, 327, 326
697, 325, 324, 326
326, 328, 700, 329
327, 329, 701, 700
326, 700, 327, 329
704, 328, 330, 705
705, 329, 331, 330
705, 329, 328, 330
708, 330, 332, 709
709, 331, 333, 332
709, 331, 330, 332
712, 332, 334, 713
713, 333, 335, 334
713, 333, 332, 334
334, 144, 716, 145
335, 145, 717, 716
334, 716, 335, 145
336, 146, 338, 337
337, 147, 339, 338
337, 147, 146, 338
338, 146, 340, 341
339, 147, 341, 338
338, 146, 147, 341
340, 148, 342, 341
341, 149, 343, 342
341, 149, 148, 342
342, 148, 344, 345
343, 149, 345, 342
342, 148, 149, 345
344, 150, 346, 345
345, 151, 347, 150
150, 346, 345, 347
346, 150, 348, 347
347, 151, 349, 348
347, 151, 150, 348
348, 152, 350, 153
349, 153, 351, 350
348, 350, 349, 153
350, 152, 352, 353
351, 153, 353, 350
350, 152, 153, 353
352, 154, 354, 353
353, 155, 355, 354
353, 155, 154, 354
354, 154, 356, 357
355, 155, 357, 354
354, 154, 155, 357
356, 156, 358, 357
357, 157, 359, 358
357, 157, 156, 358
358, 156, 360, 361
359, 157, 361, 358
358, 156, 157, 361
360, 158, 362, 361
361, 159, 363, 158
158, 362, 361, 363
362, 158, 364, 363
363, 159, 365, 364
363, 159, 158, 364
364, 160, 366, 161
365, 161, 367, 366
364, 366, 365, 161
366, 160, 368, 369
367, 161, 369, 366
366, 160, 161, 369
368, 162, 370, 369
369, 163, 371, 370
369, 163, 162, 370
370, 162, 372, 373
371, 163, 373, 370
370, 162, 163, 373
372, 164, 374, 373
373, 165, 375, 374
373, 165, 164, 374
374, 164, 376, 377
375, 165, 377, 374
374, 164, 165, 377
376, 166, 378, 377
377, 167, 379, 166
166, 378, 377, 379
378, 166, 380, 379
379, 167, 381, 380
379, 167, 166, 380
380, 168, 382, 169
381, 169, 383, 382
380, 382, 381, 169
382, 168, 384, 385
383, 169, 385, 382
382, 168, 169, 385
384, 170, 386, 385
385, 171, 387, 386
385, 171, 170, 386
386, 170, 388, 389
387, 171, 389, 386
386, 170, 171, 389
388, 172, 390, 389
389, 173, 391, 390
389, 173, 172, 390
390, 172, 392, 393
391, 173, 393, 390
390, 172, 173, 393
392, 174, 394, 393
393, 175, 395, 174
174, 394, 393, 395
394, 174, 396, 395
395, 175, 397, 396
395, 175, 174, 396
396, 176, 398, 177
397, 177, 399, 398
396, 398, 397, 177
398, 176, 400, 401
399, 177, 401, 398
398, 176, 177, 401
400, 178, 402, 401
401, 179, 403, 402
401, 179, 178, 402
402, 178, 404, 405
403, 179, 405, 402
402, 178, 179, 405
404, 180, 406, 405
405, 181, 407, 406
405, 181, 180, 406
406, 180, 408, 409
407, 181, 409, 406
406, 180, 181, 409
408, 182, 410, 409
409, 183, 411, 182
182, 410, 409, 411
410, 182, 412, 411
411, 183, 413, 412
411, 183, 182, 412
412, 184, 414, 185
413, 185, 415, 414
412, 414, 413, 185
414, 184, 416, 417
415, 185, 417, 414
414, 184, 185, 417
416, 186, 418, 417
417, 187, 419, 418
417, 187, 186, 418
418, 186, 420, 421
419, 187, 421, 418
418, 186, 187, 421
420, 188, 422, 421
421, 189, 423, 422
421, 189, 188, 422
422, 188, 424, 425
423, 189, 425, 422
422, 188, 189, 425
424, 190, 426, 425
425, 191, 427, 190
190, 426, 425, 427
426, 190, 428, 427
427, 191, 429, 428
427, 191, 190, 428
428, 192, 430, 193
429, 193, 431, 430
428, 430, 429, 193
430, 192, 432, 433
431, 193, 433, 430
430, 192, 193, 433
432, 194, 434, 433
433, 195, 435, 434
433, 195, 194, 434
434, 194, 436, 437
435, 195, 437, 434
434, 194, 195, 437
436, 196, 438, 437
437, 197, 439, 438
437, 197, 196, 438
438, 196, 440, 441
439, 197, 441, 438
438, 196, 197, 441
440, 198, 442, 441
441, 199, 443, 198
198, 442, 441, 443
442, 198, 444, 443
443, 199, 445, 444
443, 199, 198, 444
444, 200, 446, 201
445, 201, 447, 446
444, 446, 445, 201
446, 200, 448, 449
447, 201, 449, 446
446, 200, 201, 449
448, 202, 450, 449
449, 203, 451, 450
449, 203, 202, 450
450, 202, 452, 453
451, 203, 453, 450
450, 202, 203, 453
452, 204, 454, 453
453, 205, 455, 454
453, 205, 204, 454
454, 204, 456, 457
455, 205, 457, 454
454, 204, 205, 457
456, 206, 458, 457
457, 207, 459, 206
206, 458, 457, 459
458, 206, 460, 459
459, 207, 461, 460
459, 207, 206, 460
460, 208, 462, 209
461, 209, 463, 462
460, 462, 461, 209
462, 208, 464, 465
463, 209, 465, 462
462, 208, 209, 465
464, 210, 466, 465
465, 211, 467, 466
465, 211, 210, 466
466, 210, 468, 469
467, 211, 469, 466
466, 210, 211, 469
468, 212, 470, 469
469, 213, 471, 470
469, 213, 212, 470
470, 212, 472, 473
471, 213, 473, 470
470, 212, 213, 473
472, 214, 474, 473
473, 215, 475, 214
214, 474, 473, 475
474, 214, 476, 475
475, 215, 477, 476
475, 215, 214, 476
476, 216, 478, 217
477, 217, 479, 478
476, 478, 477, 217
478, 216, 480, 481
479, 217, 481, 478
478, 216, 217, 481
480, 218, 482, 481
481, 219, 483, 482
481, 219, 218, 482
482, 218, 484, 485
483, 219, 485, 482
482, 218, 219, 485
484, 220, 486, 485
485, 221, 487, 486
485, 221, 220, 486
486, 220, 488, 489
487, 221, 489, 486
486, 220, 221, 489
488, 222, 490, 489
489, 223, 491, 222
222, 490, 489, 491
490, 222, 492, 491
491, 223, 493, 492
491, 223, 222, 492
492, 224, 494, 225
493, 225, 495, 494
492, 494, 493, 225
494, 224, 496, 497
495, 225, 497, 494
494, 224, 225, 497
496, 226, 498, 497
497, 227, 499, 498
497, 227, 226, 498
498, 226, 500, 501
499, 227, 501, 498
498, 226, 227, 501
500, 228, 502, 501
501, 229, 503, 502
501, 229, 228, 502
502, 228, 504, 505
503, 229, 505, 502
502, 228, 229, 505
504, 230, 506, 505
505, 231, 507, 230
230, 506, 505, 507
506, 230, 508, 507
507, 231, 509, 508
507, 231, 230, 508
508, 232, 510, 233
509, 233, 511, 510
508, 510, 509, 233
510, 232, 512, 513
511, 233, 513, 510
510, 232, 233, 513
512, 234, 514, 513
513, 235, 515, 514
513, 235, 234, 514
514, 234, 516, 517
515, 235, 517, 514
514, 234, 235, 517
516, 236, 518, 517
517, 237, 519, 518
517, 237, 236, 518
518, 236, 520, 521
519, 237, 521, 518
518, 236, 237, 521
520, 238, 522, 521
521, 239, 523, 238
238, 522, 521, 523
522, 238, 524, 523
523, 239, 525, 524
523, 239, 238, 524
524, 240, 526, 241
525, 241, 527, 526
524, 526, 525, 241
526, 240, 528, 529
527, 241, 529, 526
526, 240, 241, 529
528, 242, 530, 529
529, 243, 531, 530
529, 243, 242, 530
530, 242, 532, 533
531, 243, 533, 530
530, 242, 243, 533
532, 244, 534, 533
533, 245, 535, 534
533, 245, 244, 534
534, 244, 536, 537
535, 245, 537, 534
534, 244, 245, 537
536, 246, 538, 537
537, 247, 539, 246
246, 538, 537, 539
538, 246, 540, 539
539, 247, 541, 540
539, 247, 246, 540
540, 248, 542, 249
541, 249, 543, 542
540, 542, 541, 249
542, 248, 544, 545
543, 249, 545, 542
542, 248, 249, 545
544, 250, 546, 545
545, 251, 547, 546
545, 251, 250, 546
546, 250, 548, 549
547, 251, 549, 546
546, 250, 251, 549
548, 252, 550, 549
549, 253, 551, 550
549, 253, 252, 550
550, 252, 552, 553
551, 253, 553, 550
550, 252, 253, 553
552, 254, 554, 553
553, 255, 555, 254
254, 554, 553, 555
554, 254, 556, 555
555, 255, 557, 556
555, 255, 254, 556
556, 256, 558, 257
557, 257, 559, 558
556, 558, 557, 257
558, 256, 560, 561
559, 257, 561, 558
558, 256, 257, 561
560, 258, 562, 561
561, 259, 563, 562
561, 259, 258, 562
562, 258, 564, 565
563, 259, 565, 562
562, 258, 259, 565
564, 260, 566, 565
565, 261, 567, 566
565, 261, 260, 566
566, 260, 568, 569
567, 261, 569, 566
566, 260, 261, 569
568, 262, 570, 569
569, 263, 571, 262
262, 570, 569, 571
570, 262, 572, 571
571, 263, 573, 572
571, 263, 262, 572
572, 264, 574, 265
573, 265, 575, 574
572, 574, 573, 265
574, 264, 576, 577
575, 265, 577, 574
574, 264, 265, 577
576, 266, 578, 577
577, 267, 579, 578
577, 267, 266, 578
578, 266, 580, 581
579, 267, 581, 578
578, 266, 267, 581
580, 268, 582, 581
581, 269, 583, 582
581, 269, 268, 582
582, 268, 584, 585
583, 269, 585, 582
582, 268, 269, 585
584, 270, 586, 585
585, 271, 587, 270
270, 586, 585, 587
586, 270, 588, 587
587, 271, 589, 588
587, 271, 270, 588
588, 272, 590, 273
589, 273, 591, 590
588, 590, 589, 273
590, 272, 592, 593
591, 273, 593, 590
590, 272, 273, 593
592, 274, 594, 593
593, 275, 595, 594
593, 275, 274, 594
594, 274, 596, 597
595, 275, 597, 594
594, 274, 275, 597
596, 276, 598, 597
597, 277, 599, 598
597, 277, 276, 598
598, 276, 600, 601
599, 277, 601, 598
598, 276, 277, 601
600, 278, 602, 601
601, 279, 603, 278
278, 602, 601, 603
602, 278, 604, 603
603, 279, 605, 604
603, 279, 278, 604
604, 280, 606, 281
605, 281, 607, 606
604, 606, 605, 281
606, 280, 608, 609
607, 281, 609, 606
606, 280, 281, 609
608, 282, 610, 609
609, 283, 611, 610
609, 283, 282, 610
610, 282, 612, 613
611, 283, 613, 610
610, 282, 283, 613
612, 284, 614, 613
613, 285, 615, 614
613, 285, 284, 614
614, 284, 616, 617
615, 285, 617, 614
614, 284, 285, 617
616, 286, 618, 617
617, 287, 619, 286
286, 618, 617, 619
618, 286, 620, 619
619, 287, 621, 620
619, 287, 286, 620
620, 288, 622, 289
621, 289, 623, 622
620, 622, 621, 289
622, 288, 624, 625
623, 289, 625, 622
622, 288, 289, 625
624, 290, 626, 625
625, 291, 627, 626
625, 291, 290, 626
626, 290, 628, 629
627, 291, 629, 626
626, 290, 291, 629
628, 292, 630, 629
629, 293, 631, 630
629, 293, 292, 630
630, 292, 632, 633
631, 293, 633, 630
630, 292, 293, 633
632, 294, 634, 633
633, 295, 635, 294
294, 634, 633, 635
634, 294, 636, 635
635, 295, 637, 636
635, 295, 294, 636
636, 296, 638, 297
637, 297, 639, 638
636, 638, 637, 297
638, 296, 640, 641
639, 297, 641, 638
638, 296, 297, 641
640, 298, 642, 641
641, 299, 643, 642
641, 299, 298, 642
642, 298, 644, 645
643, 299, 645, 642
642, 298, 299, 645
644, 300, 646, 645
645, 301, 647, 646
645, 301, 300, 646
646, 300, 648, 649
647, 301, 649, 646
646, 300, 301, 649
648, 302, 650, 649
649, 303, 651, 302
302, 650, 649, 651
650, 302, 652, 651
651, 303, 653, 652
651, 303, 302, 652
652, 304, 654, 305
653, 305, 655, 654
652, 654, 653, 305
654, 304, 656, 657
655, 305, 657, 654
654, 304, 305, 657
656, 306, 658, 657
657, 307, 659, 658
657, 307, 306, 658
658, 306, 660, 661
659, 307, 661, 658
658, 306, 307, 661
660, 308, 662, 661
661, 309, 663, 662
661, 309, 308, 662
662, 308, 664, 665
663, 309, 665, 662
662, 308, 309, 665
664, 310, 666, 665
665, 311, 667, 310
310, 666, 665, 667
666, 310, 668, 667
667, 311, 669, 668
667, 311, 310, 668
668, 312, 670, 313
669, 313, 671, 670
668, 670, 669, 313
670, 312, 672, 673
671, 313, 673, 670
670, 312, 313, 673
672, 314, 674, 673
673, 315, 675, 674
673, 315, 314, 674
674, 314, 676, 677
675, 315, 677, 674
674, 314, 315, 677
676, 316, 678, 677
677, 317, 679, 678
677, 317, 316, 678
678, 316, 680, 681
679, 317, 681, 678
678, 316, 317, 681
680, 318, 682, 681
681, 319, 683, 318
318, 682, 681, 683
682, 318, 684, 683
683, 319, 685, 684
683, 319, 318, 684
684, 320, 686, 321
685, 321, 687, 686
684, 686, 685, 321
686, 320, 688, 689
687, 321, 689, 686
686, 320, 321, 689
688, 322, 690, 689
689, 323, 691, 690
689, 323, 322, 690
690, 322, 692, 693
691, 323, 693, 690
690, 322, 323, 693
692, 324, 694, 693
693, 325, 695, 694
693, 325, 324, 694
694, 324, 696, 697
695, 325, 697, 694
694, 324, 325, 697
696, 326, 698, 697
697, 327, 699, 326
326, 698, 697, 699
698, 326, 700, 699
699, 327, 701, 700
699, 327, 326, 700
700, 328, 702, 329
701, 329, 703, 702
700, 702, 701, 329
702, 328, 704, 705
703, 329, 705, 702
702, 328, 329, 705
704, 330, 706, 705
705, 331, 707, 706
705, 331, 330, 706
706, 330, 708, 709
707, 331, 709, 706
706, 330, 331, 709
708, 332, 710, 709
709, 333, 711, 710
709, 333, 332, 710
710, 332, 712, 713
711, 333, 713, 710
710, 332, 333, 713
712, 334, 714, 713
713, 335, 715, 334
334, 714, 713, 715
714, 334, 716, 715
715, 335, 717, 716
715, 335, 334, 716
716, 144, 718, 145
717, 145, 719, 718
716, 718, 717, 145
718, 144, 336, 337
719, 145, 337, 718
718, 144, 145, 337
