0.542471,0.840074,0.300000
0.707107,0.707107,0.300000
0.840074,0.542471,0.300000
0.440525,0.897740,0.300000
0.897740,0.440525,0.300000
0.267991,0.963421,0.300000
0.963421,0.267991,0.300000
-0.120497,0.992714,0.300000
0.992714,-0.120497,0.300000
-0.420293,0.907388,0.300000
0.907388,-0.420293,0.300000
-0.707107,0.707107,0.300000
0.707107,-0.707107,0.300000
-0.907388,0.420293,0.300000
0.420293,-0.907388,0.300000
-0.992714,0.120497,0.300000
-0.940233,-0.340532,0.300000
0.120497,-0.992714,0.300000
-0.340532,-0.940233,0.300000
-0.857620,-0.514284,0.300000
-0.758801,-0.651323,0.300000
-0.707107,-0.707107,0.300000
-0.514284,-0.857620,0.300000
-0.651323,-0.758801,0.300000
0.542471,0.840074,0.000000
0.707107,0.707107,0.000000
0.840074,0.542471,0.000000
0.440525,0.897740,0.000000
0.897740,0.440525,0.000000
0.267991,0.963421,0.000000
0.963421,0.267991,0.000000
-0.120497,0.992714,0.000000
0.992714,-0.120497,0.000000
-0.420293,0.907388,0.000000
0.907388,-0.420293,0.000000
-0.707107,0.707107,0.000000
0.707107,-0.707107,0.000000
-0.907388,0.420293,0.000000
0.420293,-0.907388,0.000000
-0.992714,0.120497,0.000000
-0.940233,-0.340532,0.000000
0.120497,-0.992714,0.000000
-0.340532,-0.940233,0.000000
-0.857620,-0.514284,0.000000
-0.758801,-0.651323,0.000000
-0.707107,-0.707107,0.000000
-0.514284,-0.857620,0.000000
-0.651323,-0.758801,0.000000
-0.981712,-0.466770,0.275000
-0.981712,-0.466770,0.025000
-0.936235,-0.561427,0.275000
-0.936235,-0.561427,0.025000
-0.882562,-0.636419,0.275000
-0.882562,-0.636419,0.025000
-0.828358,-0.711028,0.275000
-0.828358,-0.711028,0.025000
-0.800190,-0.741522,0.275000
-0.800190,-0.741522,0.025000
-0.771925,-0.771925,0.275000
-0.771925,-0.771925,0.025000
-0.741522,-0.800190,0.275000
-0.741522,-0.800190,0.025000
-0.711028,-0.828358,0.275000
-0.711028,-0.828358,0.025000
-0.636419,-0.882562,0.275000
-0.636419,-0.882562,0.025000
-0.561427,-0.936235,0.275000
-0.561427,-0.936235,0.025000
-0.466770,-0.981712,0.275000
-0.466770,-0.981712,0.025000
-0.371747,-1.026421,0.275000
-0.371747,-1.026421,0.025000
-0.120385,-1.057552,0.275000
-0.120385,-1.057552,0.025000
0.131542,-1.083713,0.275000
0.131542,-1.083713,0.025000
0.295488,-1.038217,0.275000
0.295488,-1.038217,0.025000
0.458820,-0.990566,0.275000
0.458820,-0.990566,0.025000
0.616182,-0.882404,0.275000
0.616182,-0.882404,0.025000
0.771925,-0.771925,0.275000
0.771925,-0.771925,0.025000
0.882404,-0.616182,0.275000
0.882404,-0.616182,0.025000
0.990566,-0.458820,0.275000
0.990566,-0.458820,0.025000
1.038217,-0.295488,0.275000
1.038217,-0.295488,0.025000
1.083713,-0.131542,0.275000
1.083713,-0.131542,0.025000
1.069475,0.080639,0.275000
1.069475,0.080639,0.025000
1.051735,0.292557,0.275000
1.051735,0.292557,0.025000
1.016250,0.386871,0.275000
1.016250,0.386871,0.025000
0.980033,0.480907,0.275000
0.980033,0.480907,0.025000
0.948694,0.536630,0.275000
0.948694,0.536630,0.025000
0.917081,0.592198,0.275000
0.917081,0.592198,0.025000
0.844904,0.682385,0.275000
0.844904,0.682385,0.025000
0.771925,0.771925,0.275000
0.771925,0.771925,0.025000
0.682385,0.844904,0.275000
0.682385,0.844904,0.025000
0.592198,0.917081,0.275000
0.592198,0.917081,0.025000
0.536630,0.948694,0.275000
0.536630,0.948694,0.025000
0.480907,0.980033,0.275000
0.480907,0.980033,0.025000
0.386871,1.016250,0.275000
0.386871,1.016250,0.025000
0.292557,1.051735,0.275000
0.292557,1.051735,0.025000
0.080639,1.069475,0.275000
0.080639,1.069475,0.025000
-0.131542,1.083713,0.275000
-0.131542,1.083713,0.025000
-0.295488,1.038217,0.275000
-0.295488,1.038217,0.025000
-0.458820,0.990566,0.275000
-0.458820,0.990566,0.025000
-0.616182,0.882404,0.275000
-0.616182,0.882404,0.025000
-0.771925,0.771925,0.275000
-0.771925,0.771925,0.025000
-0.882404,0.616182,0.275000
-0.882404,0.616182,0.025000
-0.990566,0.458820,0.275000
-0.990566,0.458820,0.025000
-1.038217,0.295488,0.275000
-1.038217,0.295488,0.025000
-1.083713,0.131542,0.275000
-1.083713,0.131542,0.025000
-1.057552,-0.120385,0.275000
-1.057552,-0.120385,0.025000
-1.026421,-0.371747,0.275000
-1.026421,-0.371747,0.025000
-1.026576,-0.546577,0.250000
-1.026576,-0.546577,0.050000
-1.000557,-0.599998,0.250000
-1.000557,-0.599998,0.050000
-0.970387,-0.642574,0.250000
-0.970387,-0.642574,0.050000
-0.943395,-0.680286,0.250000
-0.943395,-0.680286,0.050000
-0.916137,-0.717806,0.250000
-0.916137,-0.717806,0.050000
-0.885268,-0.759877,0.250000
-0.885268,-0.759877,0.050000
-0.869366,-0.777165,0.250000
-0.869366,-0.777165,0.050000
-0.855201,-0.792500,0.250000
-0.855201,-0.792500,0.050000
-0.840987,-0.807789,0.250000
-0.840987,-0.807789,0.050000
-0.824958,-0.824958,0.250000
-0.824958,-0.824958,0.050000
-0.807789,-0.840987,0.250000
-0.807789,-0.840987,0.050000
-0.792500,-0.855201,0.250000
-0.792500,-0.855201,0.050000
-0.777165,-0.869366,0.250000
-0.777165,-0.869366,0.050000
-0.759877,-0.885268,0.250000
-0.759877,-0.885268,0.050000
-0.717806,-0.916137,0.250000
-0.717806,-0.916137,0.050000
-0.680286,-0.943395,0.250000
-0.680286,-0.943395,0.050000
-0.642574,-0.970387,0.250000
-0.642574,-0.970387,0.050000
-0.599998,-1.000557,0.250000
-0.599998,-1.000557,0.050000
-0.546577,-1.026576,0.250000
-0.546577,-1.026576,0.050000
-0.498975,-1.049446,0.250000
-0.498975,-1.049446,0.050000
-0.451189,-1.071930,0.250000
-0.451189,-1.071930,0.050000
-0.397287,-1.096939,0.250000
-0.397287,-1.096939,0.050000
-0.255284,-1.116418,0.250000
-0.255284,-1.116418,0.050000
-0.128868,-1.132071,0.250000
-0.128868,-1.132071,0.050000
-0.002168,-1.145231,0.250000
-0.002168,-1.145231,0.050000
0.140580,-1.158166,0.250000
0.140580,-1.158166,0.050000
0.233570,-1.133234,0.250000
0.233570,-1.133234,0.050000
0.316018,-1.110352,0.250000
0.316018,-1.110352,0.050000
0.398159,-1.086390,0.250000
0.398159,-1.086390,0.050000
0.490342,-1.058620,0.250000
0.490342,-1.058620,0.050000
0.579984,-0.998293,0.250000
0.579984,-0.998293,0.050000
0.659121,-0.943896,0.250000
0.659121,-0.943896,0.050000
0.737447,-0.888337,0.250000
0.737447,-0.888337,0.050000
0.824958,-0.824958,0.250000
0.824958,-0.824958,0.050000
0.888337,-0.737447,0.250000
0.888337,-0.737447,0.050000
0.943896,-0.659121,0.250000
0.943896,-0.659121,0.050000
0.998293,-0.579984,0.250000
0.998293,-0.579984,0.050000
1.058620,-0.490342,0.250000
1.058620,-0.490342,0.050000
1.086390,-0.398159,0.250000
1.086390,-0.398159,0.050000
1.110352,-0.316018,0.250000
1.110352,-0.316018,0.050000
1.133234,-0.233570,0.250000
1.133234,-0.233570,0.050000
1.158166,-0.140580,0.250000
1.158166,-0.140580,0.050000
1.151426,-0.020430,0.250000
1.151426,-0.020430,0.050000
1.144263,0.086278,0.250000
1.144263,0.086278,0.050000
1.135344,0.192854,0.250000
1.135344,0.192854,0.050000
1.123992,0.312656,0.250000
1.123992,0.312656,0.050000
1.104189,0.366125,0.250000
1.104189,0.366125,0.050000
1.086343,0.413554,0.250000
1.086343,0.413554,0.050000
1.068130,0.460844,0.250000
1.068130,0.460844,0.050000
1.047364,0.513947,0.250000
1.047364,0.513947,0.050000
1.029734,0.545534,0.250000
1.029734,0.545534,0.050000
1.013974,0.573556,0.250000
1.013974,0.573556,0.050000
0.998077,0.601500,0.250000
0.998077,0.601500,0.050000
0.980087,0.632884,0.250000
0.980087,0.632884,0.050000
0.939549,0.684155,0.250000
0.939549,0.684155,0.050000
0.903250,0.729509,0.250000
0.903250,0.729509,0.050000
0.866551,0.774538,0.250000
0.866551,0.774538,0.050000
0.824958,0.824958,0.250000
0.824958,0.824958,0.050000
0.774538,0.866551,0.250000
0.774538,0.866551,0.050000
0.729509,0.903250,0.250000
0.729509,0.903250,0.050000
0.684155,0.939549,0.250000
0.684155,0.939549,0.050000
0.632884,0.980087,0.250000
0.632884,0.980087,0.050000
0.601500,0.998077,0.250000
0.601500,0.998077,0.050000
0.573556,1.013974,0.250000
0.573556,1.013974,0.050000
0.545534,1.029734,0.250000
0.545534,1.029734,0.050000
0.513947,1.047364,0.250000
0.513947,1.047364,0.050000
0.460844,1.068130,0.250000
0.460844,1.068130,0.050000
0.413554,1.086343,0.250000
0.413554,1.086343,0.050000
0.366125,1.104189,0.250000
0.366125,1.104189,0.050000
0.312656,1.123992,0.250000
0.312656,1.123992,0.050000
0.192854,1.135344,0.250000
0.192854,1.135344,0.050000
0.086278,1.144263,0.250000
0.086278,1.144263,0.050000
-0.020430,1.151426,0.250000
-0.020430,1.151426,0.050000
-0.140580,1.158166,0.250000
-0.140580,1.158166,0.050000
-0.233570,1.133234,0.250000
-0.233570,1.133234,0.050000
-0.316018,1.110352,0.250000
-0.316018,1.110352,0.050000
-0.398159,1.086390,0.250000
-0.398159,1.086390,0.050000
-0.490342,1.058620,0.250000
-0.490342,1.058620,0.050000
-0.579984,0.998293,0.250000
-0.579984,0.998293,0.050000
-0.659121,0.943896,0.250000
-0.659121,0.943896,0.050000
-0.737447,0.888337,0.250000
-0.737447,0.888337,0.050000
-0.824958,0.824958,0.250000
-0.824958,0.824958,0.050000
-0.888337,0.737447,0.250000
-0.888337,0.737447,0.050000
-0.943896,0.659121,0.250000
-0.943896,0.659121,0.050000
-0.998293,0.579984,0.250000
-0.998293,0.579984,0.050000
-1.058620,0.490342,0.250000
-1.058620,0.490342,0.050000
-1.086390,0.398159,0.250000
-1.086390,0.398159,0.050000
-1.110352,0.316018,0.250000
-1.110352,0.316018,0.050000
-1.133234,0.233570,0.250000
-1.133234,0.233570,0.050000
-1.158166,0.140580,0.250000
-1.158166,0.140580,0.050000
-1.145231,-0.002168,0.250000
-1.145231,-0.002168,0.050000
-1.132071,-0.128868,0.250000
-1.132071,-0.128868,0.050000
-1.116418,-0.255284,0.250000
-1.116418,-0.255284,0.050000
-1.096939,-0.397287,0.250000
-1.096939,-0.397287,0.050000
-1.071930,-0.451189,0.250000
-1.071930,-0.451189,0.050000
-1.049446,-0.498975,0.250000
-1.049446,-0.498975,0.050000
-1.066010,-0.598831,0.225000
-1.066010,-0.598831,0.075000
-1.050584,-0.629998,0.225000
-1.050584,-0.629998,0.075000
-1.033067,-0.655012,0.225000
-1.033067,-0.655012,0.075000
-1.019024,-0.674780,0.225000
-1.019024,-0.674780,0.075000
-1.004327,-0.695381,0.225000
-1.004327,-0.695381,0.075000
-0.990710,-0.714405,0.225000
-0.990710,-0.714405,0.075000
-0.976959,-0.733332,0.225000
-0.976959,-0.733332,0.075000
-0.962054,-0.753783,0.225000
-0.962054,-0.753783,0.075000
-0.947733,-0.773350,0.225000
-0.947733,-0.773350,0.075000
-0.929531,-0.797871,0.225000
-0.929531,-0.797871,0.075000
-0.920250,-0.808011,0.225000
-0.920250,-0.808011,0.075000
-0.912856,-0.816042,0.225000
-0.912856,-0.816042,0.075000
-0.905133,-0.824413,0.225000
-0.905133,-0.824413,0.075000
-0.897988,-0.832149,0.225000
-0.897988,-0.832149,0.075000
-0.890818,-0.839862,0.225000
-0.890818,-0.839862,0.075000
-0.883057,-0.848198,0.225000
-0.883057,-0.848198,0.075000
-0.875611,-0.856182,0.225000
-0.875611,-0.856182,0.075000
-0.866206,-0.866206,0.225000
-0.866206,-0.866206,0.075000
-0.856182,-0.875611,0.225000
-0.856182,-0.875611,0.075000
-0.848198,-0.883057,0.225000
-0.848198,-0.883057,0.075000
-0.839862,-0.890818,0.225000
-0.839862,-0.890818,0.075000
-0.832149,-0.897988,0.225000
-0.832149,-0.897988,0.075000
-0.824413,-0.905133,0.225000
-0.824413,-0.905133,0.075000
-0.816042,-0.912856,0.225000
-0.816042,-0.912856,0.075000
-0.808011,-0.920250,0.225000
-0.808011,-0.920250,0.075000
-0.797871,-0.929531,0.225000
-0.797871,-0.929531,0.075000
-0.773350,-0.947733,0.225000
-0.773350,-0.947733,0.075000
-0.753783,-0.962054,0.225000
-0.753783,-0.962054,0.075000
-0.733332,-0.976959,0.225000
-0.733332,-0.976959,0.075000
-0.714405,-0.990710,0.225000
-0.714405,-0.990710,0.075000
-0.695381,-1.004327,0.225000
-0.695381,-1.004327,0.075000
-0.674780,-1.019024,0.225000
-0.674780,-1.019024,0.075000
-0.655012,-1.033067,0.225000
-0.655012,-1.033067,0.075000
-0.629998,-1.050584,0.225000
-0.629998,-1.050584,0.075000
-0.598831,-1.066010,0.225000
-0.598831,-1.066010,0.075000
-0.573992,-1.078066,0.225000
-0.573992,-1.078066,0.075000
-0.548036,-1.090591,0.225000
-0.548036,-1.090591,0.075000
-0.524023,-1.102127,0.225000
-0.524023,-1.102127,0.075000
-0.499917,-1.113470,0.225000
-0.499917,-1.113470,0.075000
-0.473819,-1.125695,0.225000
-0.473819,-1.125695,0.075000
-0.448789,-1.137350,0.225000
-0.448789,-1.137350,0.075000
-0.417151,-1.151785,0.225000
-0.417151,-1.151785,0.075000
-0.334213,-1.164470,0.225000
-0.334213,-1.164470,0.075000
-0.268287,-1.173283,0.225000
-0.268287,-1.173283,0.075000
-0.199244,-1.182135,0.225000
-0.199244,-1.182135,0.075000
-0.135466,-1.190030,0.225000
-0.135466,-1.190030,0.075000
-0.071545,-1.196672,0.225000
-0.071545,-1.196672,0.075000
-0.002278,-1.203564,0.225000
-0.002278,-1.203564,0.075000
0.063942,-1.209794,0.225000
0.063942,-1.209794,0.075000
0.147609,-1.216074,0.225000
0.147609,-1.216074,0.075000
0.202182,-1.202043,0.225000
0.202182,-1.202043,0.075000
0.245346,-1.190366,0.225000
0.245346,-1.190366,0.075000
0.290394,-1.178001,0.225000
0.290394,-1.178001,0.075000
0.331987,-1.166457,0.225000
0.331987,-1.166457,0.075000
0.373425,-1.154370,0.225000
0.373425,-1.154370,0.075000
0.418232,-1.141160,0.225000
0.418232,-1.141160,0.075000
0.461076,-1.128359,0.225000
0.461076,-1.128359,0.075000
0.514859,-1.111551,0.225000
0.514859,-1.111551,0.075000
0.567732,-1.076851,0.225000
0.567732,-1.076851,0.075000
0.609288,-1.048731,0.225000
0.609288,-1.048731,0.075000
0.652596,-1.019166,0.225000
0.652596,-1.019166,0.075000
0.692518,-0.991722,0.225000
0.692518,-0.991722,0.075000
0.732033,-0.963695,0.225000
0.732033,-0.963695,0.075000
0.774706,-0.933220,0.225000
0.774706,-0.933220,0.075000
0.815418,-0.903892,0.225000
0.815418,-0.903892,0.075000
0.866206,-0.866206,0.225000
0.866206,-0.866206,0.075000
0.903892,-0.815418,0.225000
0.903892,-0.815418,0.075000
0.933220,-0.774706,0.225000
0.933220,-0.774706,0.075000
0.963695,-0.732033,0.225000
0.963695,-0.732033,0.075000
0.991722,-0.692518,0.225000
0.991722,-0.692518,0.075000
1.019166,-0.652596,0.225000
1.019166,-0.652596,0.075000
1.048731,-0.609288,0.225000
1.048731,-0.609288,0.075000
1.076851,-0.567732,0.225000
1.076851,-0.567732,0.075000
1.111551,-0.514859,0.225000
1.111551,-0.514859,0.075000
1.128359,-0.461076,0.225000
1.128359,-0.461076,0.075000
1.141160,-0.418232,0.225000
1.141160,-0.418232,0.075000
1.154370,-0.373425,0.225000
1.154370,-0.373425,0.075000
1.166457,-0.331987,0.225000
1.166457,-0.331987,0.075000
1.178001,-0.290394,0.225000
1.178001,-0.290394,0.075000
1.190366,-0.245346,0.225000
1.190366,-0.245346,0.075000
1.202043,-0.202182,0.225000
1.202043,-0.202182,0.075000
1.216074,-0.147609,0.225000
1.216074,-0.147609,0.075000
1.213037,-0.077238,0.225000
1.213037,-0.077238,0.075000
1.209749,-0.021465,0.225000
1.209749,-0.021465,0.075000
1.206046,0.036831,0.225000
1.206046,0.036831,0.075000
1.202431,0.090664,0.225000
1.202431,0.090664,0.075000
1.197933,0.144431,0.225000
1.197933,0.144431,0.075000
1.192853,0.202623,0.225000
1.192853,0.202623,0.075000
1.187741,0.258258,0.225000
1.187741,0.258258,0.075000
1.180191,0.328289,0.225000
1.180191,0.328289,0.075000
1.168792,0.359650,0.225000
1.168792,0.359650,0.075000
1.159557,0.384484,0.225000
1.159557,0.384484,0.075000
1.149862,0.410382,0.225000
1.149862,0.410382,0.075000
1.140859,0.434308,0.225000
1.140859,0.434308,0.075000
1.131672,0.458164,0.225000
1.131672,0.458164,0.075000
1.121691,0.483953,0.225000
1.121691,0.483953,0.075000
1.112074,0.508641,0.225000
1.112074,0.508641,0.075000
1.099732,0.539644,0.225000
1.099732,0.539644,0.075000
1.089486,0.558169,0.225000
1.089486,0.558169,0.075000
1.081281,0.572842,0.225000
1.081281,0.572842,0.075000
1.072698,0.588140,0.225000
1.072698,0.588140,0.075000
1.064747,0.602276,0.225000
1.064747,0.602276,0.075000
1.056728,0.616372,0.225000
1.056728,0.616372,0.075000
1.048038,0.631610,0.225000
1.048038,0.631610,0.075000
1.039690,0.646202,0.225000
1.039690,0.646202,0.075000
1.029091,0.664527,0.225000
1.029091,0.664527,0.075000
1.005576,0.694698,0.225000
1.005576,0.694698,0.075000
0.986704,0.718493,0.225000
0.986704,0.718493,0.075000
0.966943,0.743281,0.225000
0.966943,0.743281,0.075000
0.948631,0.766160,0.225000
0.948631,0.766160,0.075000
0.930118,0.788876,0.225000
0.930118,0.788876,0.075000
0.910043,0.813412,0.225000
0.910043,0.813412,0.075000
0.890753,0.836868,0.225000
0.890753,0.836868,0.075000
0.866206,0.866206,0.225000
0.866206,0.866206,0.075000
0.836868,0.890753,0.225000
0.836868,0.890753,0.075000
0.813412,0.910043,0.225000
0.813412,0.910043,0.075000
0.788876,0.930118,0.225000
0.788876,0.930118,0.075000
0.766160,0.948631,0.225000
0.766160,0.948631,0.075000
0.743281,0.966943,0.225000
0.743281,0.966943,0.075000
0.718493,0.986704,0.225000
0.718493,0.986704,0.075000
0.694698,1.005576,0.225000
0.694698,1.005576,0.075000
0.664527,1.029091,0.225000
0.664527,1.029091,0.075000
0.646202,1.039690,0.225000
0.646202,1.039690,0.075000
0.631610,1.048038,0.225000
0.631610,1.048038,0.075000
0.616372,1.056728,0.225000
0.616372,1.056728,0.075000
0.602276,1.064747,0.225000
0.602276,1.064747,0.075000
0.588140,1.072698,0.225000
0.588140,1.072698,0.075000
0.572842,1.081281,0.225000
0.572842,1.081281,0.075000
0.558169,1.089486,0.225000
0.558169,1.089486,0.075000
0.539644,1.099732,0.225000
0.539644,1.099732,0.075000
0.508641,1.112074,0.225000
0.508641,1.112074,0.075000
0.483953,1.121691,0.225000
0.483953,1.121691,0.075000
0.458164,1.131672,0.225000
0.458164,1.131672,0.075000
0.434308,1.140859,0.225000
0.434308,1.140859,0.075000
0.410382,1.149862,0.225000
0.410382,1.149862,0.075000
0.384484,1.159557,0.225000
0.384484,1.159557,0.075000
0.359650,1.168792,0.225000
0.359650,1.168792,0.075000
0.328289,1.180191,0.225000
0.328289,1.180191,0.075000
0.258258,1.187741,0.225000
0.258258,1.187741,0.075000
0.202623,1.192853,0.225000
0.202623,1.192853,0.075000
0.144431,1.197933,0.225000
0.144431,1.197933,0.075000
0.090664,1.202431,0.225000
0.090664,1.202431,0.075000
0.036831,1.206046,0.225000
0.036831,1.206046,0.075000
-0.021465,1.209749,0.225000
-0.021465,1.209749,0.075000
-0.077238,1.213037,0.225000
-0.077238,1.213037,0.075000
-0.147609,1.216074,0.225000
-0.147609,1.216074,0.075000
-0.202182,1.202043,0.225000
-0.202182,1.202043,0.075000
-0.245346,1.190366,0.225000
-0.245346,1.190366,0.075000
-0.290394,1.178001,0.225000
-0.290394,1.178001,0.075000
-0.331987,1.166457,0.225000
-0.331987,1.166457,0.075000
-0.373425,1.154370,0.225000
-0.373425,1.154370,0.075000
-0.418232,1.141160,0.225000
-0.418232,1.141160,0.075000
-0.461076,1.128359,0.225000
-0.461076,1.128359,0.075000
-0.514859,1.111551,0.225000
-0.514859,1.111551,0.075000
-0.567732,1.076851,0.225000
-0.567732,1.076851,0.075000
-0.609288,1.048731,0.225000
-0.609288,1.048731,0.075000
-0.652596,1.019166,0.225000
-0.652596,1.019166,0.075000
-0.692518,0.991722,0.225000
-0.692518,0.991722,0.075000
-0.732033,0.963695,0.225000
-0.732033,0.963695,0.075000
-0.774706,0.933220,0.225000
-0.774706,0.933220,0.075000
-0.815418,0.903892,0.225000
-0.815418,0.903892,0.075000
-0.866206,0.866206,0.225000
-0.866206,0.866206,0.075000
-0.903892,0.815418,0.225000
-0.903892,0.815418,0.075000
-0.933220,0.774706,0.225000
-0.933220,0.774706,0.075000
-0.963695,0.732033,0.225000
-0.963695,0.732033,0.075000
-0.991722,0.692518,0.225000
-0.991722,0.692518,0.075000
-1.019166,0.652596,0.225000
-1.019166,0.652596,0.075000
-1.048731,0.609288,0.225000
-1.048731,0.609288,0.075000
-1.076851,0.567732,0.225000
-1.076851,0.567732,0.075000
-1.111551,0.514859,0.225000
-1.111551,0.514859,0.075000
-1.128359,0.461076,0.225000
-1.128359,0.461076,0.075000
-1.141160,0.418232,0.225000
-1.141160,0.418232,0.075000
-1.154370,0.373425,0.225000
-1.154370,0.373425,0.075000
-1.166457,0.331987,0.225000
-1.166457,0.331987,0.075000
-1.178001,0.290394,0.225000
-1.178001,0.290394,0.075000
-1.190366,0.245346,0.225000
-1.190366,0.245346,0.075000
-1.202043,0.202182,0.225000
-1.202043,0.202182,0.075000
-1.216074,0.147609,0.225000
-1.216074,0.147609,0.075000
-1.209794,0.063942,0.225000
-1.209794,0.063942,0.075000
-1.203564,-0.002278,0.225000
-1.203564,-0.002278,0.075000
-1.196672,-0.071545,0.225000
-1.196672,-0.071545,0.075000
-1.190030,-0.135466,0.225000
-1.190030,-0.135466,0.075000
-1.182135,-0.199244,0.225000
-1.182135,-0.199244,0.075000
-1.173283,-0.268287,0.225000
-1.173283,-0.268287,0.075000
-1.164470,-0.334213,0.225000
-1.164470,-0.334213,0.075000
-1.151785,-0.417151,0.225000
-1.151785,-0.417151,0.075000
-1.137350,-0.448789,0.225000
-1.137350,-0.448789,0.075000
-1.125695,-0.473819,0.225000
-1.125695,-0.473819,0.075000
-1.113470,-0.499917,0.225000
-1.113470,-0.499917,0.075000
-1.102127,-0.524023,0.225000
-1.102127,-0.524023,0.075000
-1.090591,-0.548036,0.225000
-1.090591,-0.548036,0.075000
-1.078066,-0.573992,0.225000
-1.078066,-0.573992,0.075000
-1.095641,-0.632897,0.200000
-1.095641,-0.632897,0.100000
-1.086319,-0.651427,0.200000
-1.086319,-0.651427,0.100000
-1.075956,-0.666406,0.200000
-1.075956,-0.666406,0.100000
-1.068257,-0.677324,0.200000
-1.068257,-0.677324,0.100000
-1.060013,-0.689027,0.200000
-1.060013,-0.689027,0.100000
-1.053765,-0.697785,0.200000
-1.053765,-0.697785,0.100000
-1.045595,-0.709280,0.200000
-1.045595,-0.709280,0.100000
-1.038584,-0.719100,0.200000
-1.038584,-0.719100,0.100000
-1.031400,-0.729144,0.200000
-1.031400,-0.729144,0.100000
-1.024506,-0.738776,0.200000
-1.024506,-0.738776,0.100000
-1.017545,-0.748358,0.200000
-1.017545,-0.748358,0.100000
-1.010283,-0.758346,0.200000
-1.010283,-0.758346,0.100000
-1.003180,-0.768099,0.200000
-1.003180,-0.768099,0.100000
-0.994853,-0.779481,0.200000
-0.994853,-0.779481,0.100000
-0.988517,-0.788176,0.200000
-0.988517,-0.788176,0.100000
-0.980016,-0.799693,0.200000
-0.980016,-0.799693,0.100000
-0.972088,-0.810446,0.200000
-0.972088,-0.810446,0.100000
-0.961148,-0.825009,0.200000
-0.961148,-0.825009,0.100000
-0.955628,-0.831072,0.200000
-0.955628,-0.831072,0.100000
-0.951561,-0.835503,0.200000
-0.951561,-0.835503,0.100000
-0.947205,-0.840250,0.200000
-0.947205,-0.840250,0.100000
-0.943920,-0.843811,0.200000
-0.943920,-0.843811,0.100000
-0.939621,-0.848479,0.200000
-0.939621,-0.848479,0.100000
-0.935938,-0.852471,0.200000
-0.935938,-0.852471,0.100000
-0.932167,-0.856554,0.200000
-0.932167,-0.856554,0.100000
-0.928550,-0.860470,0.200000
-0.928550,-0.860470,0.100000
-0.924920,-0.864375,0.200000
-0.924920,-0.864375,0.100000
-0.921135,-0.868445,0.200000
-0.921135,-0.868445,0.100000
-0.917435,-0.872421,0.200000
-0.917435,-0.872421,0.100000
-0.913107,-0.877062,0.200000
-0.913107,-0.877062,0.100000
-0.909806,-0.880608,0.200000
-0.909806,-0.880608,0.100000
-0.905403,-0.885312,0.200000
-0.905403,-0.885312,0.100000
-0.901294,-0.889704,0.200000
-0.901294,-0.889704,0.100000
-0.895669,-0.895669,0.200000
-0.895669,-0.895669,0.100000
-0.889704,-0.901294,0.200000
-0.889704,-0.901294,0.100000
-0.885312,-0.905403,0.200000
-0.885312,-0.905403,0.100000
-0.880608,-0.909806,0.200000
-0.880608,-0.909806,0.100000
-0.877062,-0.913107,0.200000
-0.877062,-0.913107,0.100000
-0.872421,-0.917435,0.200000
-0.872421,-0.917435,0.100000
-0.868445,-0.921135,0.200000
-0.868445,-0.921135,0.100000
-0.864375,-0.924920,0.200000
-0.864375,-0.924920,0.100000
-0.860470,-0.928550,0.200000
-0.860470,-0.928550,0.100000
-0.856554,-0.932167,0.200000
-0.856554,-0.932167,0.100000
-0.852471,-0.935938,0.200000
-0.852471,-0.935938,0.100000
-0.848479,-0.939621,0.200000
-0.848479,-0.939621,0.100000
-0.843811,-0.943920,0.200000
-0.843811,-0.943920,0.100000
-0.840250,-0.947205,0.200000
-0.840250,-0.947205,0.100000
-0.835503,-0.951561,0.200000
-0.835503,-0.951561,0.100000
-0.831072,-0.955628,0.200000
-0.831072,-0.955628,0.100000
-0.825009,-0.961148,0.200000
-0.825009,-0.961148,0.100000
-0.810446,-0.972088,0.200000
-0.810446,-0.972088,0.100000
-0.799693,-0.980016,0.200000
-0.799693,-0.980016,0.100000
-0.788176,-0.988517,0.200000
-0.788176,-0.988517,0.100000
-0.779481,-0.994853,0.200000
-0.779481,-0.994853,0.100000
-0.768099,-1.003180,0.200000
-0.768099,-1.003180,0.100000
-0.758346,-1.010283,0.200000
-0.758346,-1.010283,0.100000
-0.748358,-1.017545,0.200000
-0.748358,-1.017545,0.100000
-0.738776,-1.024506,0.200000
-0.738776,-1.024506,0.100000
-0.729144,-1.031400,0.200000
-0.729144,-1.031400,0.100000
-0.719100,-1.038584,0.200000
-0.719100,-1.038584,0.100000
-0.709280,-1.045595,0.200000
-0.709280,-1.045595,0.100000
-0.697785,-1.053765,0.200000
-0.697785,-1.053765,0.100000
-0.689027,-1.060013,0.200000
-0.689027,-1.060013,0.100000
-0.677324,-1.068257,0.200000
-0.677324,-1.068257,0.100000
-0.666406,-1.075956,0.200000
-0.666406,-1.075956,0.100000
-0.651427,-1.086319,0.200000
-0.651427,-1.086319,0.100000
-0.632897,-1.095641,0.200000
-0.632897,-1.095641,0.100000
-0.619238,-1.102337,0.200000
-0.619238,-1.102337,0.100000
-0.604606,-1.109523,0.200000
-0.604606,-1.109523,0.100000
-0.593574,-1.114845,0.200000
-0.593574,-1.114845,0.100000
-0.579123,-1.121855,0.200000
-0.579123,-1.121855,0.100000
-0.566745,-1.127822,0.200000
-0.566745,-1.127822,0.100000
-0.554072,-1.133917,0.200000
-0.554072,-1.133917,0.100000
-0.541914,-1.139757,0.200000
-0.541914,-1.139757,0.100000
-0.529710,-1.145500,0.200000
-0.529710,-1.145500,0.100000
-0.516983,-1.151482,0.200000
-0.516983,-1.151482,0.100000
-0.504542,-1.157315,0.200000
-0.504542,-1.157315,0.100000
-0.489984,-1.164098,0.200000
-0.489984,-1.164098,0.100000
-0.478892,-1.169295,0.200000
-0.478892,-1.169295,0.100000
-0.464083,-1.176108,0.200000
-0.464083,-1.176108,0.100000
-0.450267,-1.182475,0.200000
-0.450267,-1.182475,0.100000
-0.431340,-1.190962,0.200000
-0.431340,-1.190962,0.100000
-0.381982,-1.199316,0.200000
-0.381982,-1.199316,0.100000
-0.345708,-1.204520,0.200000
-0.345708,-1.204520,0.100000
-0.306771,-1.210176,0.200000
-0.306771,-1.210176,0.100000
-0.277575,-1.213902,0.200000
-0.277575,-1.213902,0.100000
-0.239065,-1.219038,0.200000
-0.239065,-1.219038,0.100000
-0.206169,-1.223223,0.200000
-0.206169,-1.223223,0.100000
-0.172473,-1.227434,0.200000
-0.172473,-1.227434,0.100000
-0.140178,-1.231429,0.200000
-0.140178,-1.231429,0.100000
-0.107812,-1.234795,0.200000
-0.107812,-1.234795,0.100000
-0.074031,-1.238265,0.200000
-0.074031,-1.238265,0.100000
-0.041037,-1.241580,0.200000
-0.041037,-1.241580,0.100000
-0.002357,-1.245231,0.200000
-0.002357,-1.245231,0.100000
0.026929,-1.248163,0.200000
0.026929,-1.248163,0.100000
0.066141,-1.251403,0.200000
0.066141,-1.251403,0.100000
0.102656,-1.254484,0.200000
0.102656,-1.254484,0.100000
0.152629,-1.257438,0.200000
0.152629,-1.257438,0.100000
0.185271,-1.249413,0.200000
0.185271,-1.249413,0.100000
0.209093,-1.243133,0.200000
0.209093,-1.243133,0.100000
0.234645,-1.236425,0.200000
0.234645,-1.236425,0.100000
0.253757,-1.231175,0.200000
0.253757,-1.231175,0.100000
0.278898,-1.224364,0.200000
0.278898,-1.224364,0.100000
0.300367,-1.218457,0.200000
0.300367,-1.218457,0.100000
0.322334,-1.212378,0.200000
0.322334,-1.212378,0.100000
0.343392,-1.206532,0.200000
0.343392,-1.206532,0.100000
0.364373,-1.200413,0.200000
0.364373,-1.200413,0.100000
0.386249,-1.194014,0.200000
0.386249,-1.194014,0.100000
0.407611,-1.187731,0.200000
0.407611,-1.187731,0.100000
0.432571,-1.180283,0.200000
0.432571,-1.180283,0.100000
0.451583,-1.174682,0.200000
0.451583,-1.174682,0.100000
0.476837,-1.166930,0.200000
0.476837,-1.166930,0.100000
0.500397,-1.159725,0.200000
0.500397,-1.159725,0.100000
0.532372,-1.149359,0.200000
0.532372,-1.149359,0.100000
0.564157,-1.129036,0.200000
0.564157,-1.129036,0.100000
0.587164,-1.113709,0.200000
0.587164,-1.113709,0.100000
0.611861,-1.097300,0.200000
0.611861,-1.097300,0.100000
0.630219,-1.084759,0.200000
0.630219,-1.084759,0.100000
0.654435,-1.068361,0.200000
0.654435,-1.068361,0.100000
0.675065,-1.054255,0.200000
0.675065,-1.054255,0.100000
0.696161,-1.039780,0.200000
0.696161,-1.039780,0.100000
0.716374,-1.025884,0.200000
0.716374,-1.025884,0.100000
0.736381,-1.011694,0.200000
0.736381,-1.011694,0.100000
0.757237,-0.996875,0.200000
0.757237,-0.996875,0.100000
0.777585,-0.982365,0.200000
0.777585,-0.982365,0.100000
0.801320,-0.965279,0.200000
0.801320,-0.965279,0.100000
0.819417,-0.952364,0.200000
0.819417,-0.952364,0.100000
0.843328,-0.934830,0.200000
0.843328,-0.934830,0.100000
0.865641,-0.918510,0.200000
0.865641,-0.918510,0.100000
0.895669,-0.895669,0.200000
0.895669,-0.895669,0.100000
0.918510,-0.865641,0.200000
0.918510,-0.865641,0.100000
0.934830,-0.843328,0.200000
0.934830,-0.843328,0.100000
0.952364,-0.819417,0.200000
0.952364,-0.819417,0.100000
0.965279,-0.801320,0.200000
0.965279,-0.801320,0.100000
0.982365,-0.777585,0.200000
0.982365,-0.777585,0.100000
0.996875,-0.757237,0.200000
0.996875,-0.757237,0.100000
1.011694,-0.736381,0.200000
1.011694,-0.736381,0.100000
1.025884,-0.716374,0.200000
1.025884,-0.716374,0.100000
1.039780,-0.696161,0.200000
1.039780,-0.696161,0.100000
1.054255,-0.675065,0.200000
1.054255,-0.675065,0.100000
1.068361,-0.654435,0.200000
1.068361,-0.654435,0.100000
1.084759,-0.630219,0.200000
1.084759,-0.630219,0.100000
1.097300,-0.611861,0.200000
1.097300,-0.611861,0.100000
1.113709,-0.587164,0.200000
1.113709,-0.587164,0.100000
1.129036,-0.564157,0.200000
1.129036,-0.564157,0.100000
1.149359,-0.532372,0.200000
1.149359,-0.532372,0.100000
1.159725,-0.500397,0.200000
1.159725,-0.500397,0.100000
1.166930,-0.476837,0.200000
1.166930,-0.476837,0.100000
1.174682,-0.451583,0.200000
1.174682,-0.451583,0.100000
1.180283,-0.432571,0.200000
1.180283,-0.432571,0.100000
1.187731,-0.407611,0.200000
1.187731,-0.407611,0.100000
1.194014,-0.386249,0.200000
1.194014,-0.386249,0.100000
1.200413,-0.364373,0.200000
1.200413,-0.364373,0.100000
1.206532,-0.343392,0.200000
1.206532,-0.343392,0.100000
1.212378,-0.322334,0.200000
1.212378,-0.322334,0.100000
1.218457,-0.300367,0.200000
1.218457,-0.300367,0.100000
1.224364,-0.278898,0.200000
1.224364,-0.278898,0.100000
1.231175,-0.253757,0.200000
1.231175,-0.253757,0.100000
1.236425,-0.234645,0.200000
1.236425,-0.234645,0.100000
1.243133,-0.209093,0.200000
1.243133,-0.209093,0.100000
1.249413,-0.185271,0.200000
1.249413,-0.185271,0.100000
1.257438,-0.152629,0.200000
1.257438,-0.152629,0.100000
1.256184,-0.110627,0.200000
1.256184,-0.110627,0.100000
1.254620,-0.079885,0.200000
1.254620,-0.079885,0.100000
1.252988,-0.046899,0.200000
1.252988,-0.046899,0.100000
1.251410,-0.022204,0.200000
1.251410,-0.022204,0.100000
1.249481,0.010324,0.200000
1.249481,0.010324,0.100000
1.247694,0.038103,0.200000
1.247694,0.038103,0.100000
1.245812,0.066540,0.200000
1.245812,0.066540,0.100000
1.243980,0.093797,0.200000
1.243980,0.093797,0.100000
1.241704,0.121021,0.200000
1.241704,0.121021,0.100000
1.239301,0.149418,0.200000
1.239301,0.149418,0.100000
1.236902,0.177151,0.200000
1.236902,0.177151,0.100000
1.233932,0.209601,0.200000
1.233932,0.209601,0.100000
1.231789,0.234253,0.200000
1.231789,0.234253,0.100000
1.228456,0.267111,0.200000
1.228456,0.267111,0.100000
1.225393,0.297739,0.200000
1.225393,0.297739,0.100000
1.220334,0.339455,0.200000
1.220334,0.339455,0.100000
1.213652,0.358203,0.200000
1.213652,0.358203,0.100000
1.208616,0.371905,0.200000
1.208616,0.371905,0.100000
1.203229,0.386590,0.200000
1.203229,0.386590,0.100000
1.199107,0.397598,0.200000
1.199107,0.397598,0.100000
1.193732,0.412041,0.200000
1.193732,0.412041,0.100000
1.189105,0.424387,0.200000
1.189105,0.424387,0.100000
1.184358,0.437019,0.200000
1.184358,0.437019,0.100000
1.179800,0.449132,0.200000
1.179800,0.449132,0.100000
1.175149,0.461210,0.200000
1.175149,0.461210,0.100000
1.170294,0.473800,0.200000
1.170294,0.473800,0.100000
1.165540,0.486098,0.200000
1.165540,0.486098,0.100000
1.159949,0.500460,0.200000
1.159949,0.500460,0.100000
1.155707,0.511422,0.200000
1.155707,0.511422,0.100000
1.149965,0.525972,0.200000
1.149965,0.525972,0.100000
1.144615,0.539553,0.200000
1.144615,0.539553,0.100000
1.137138,0.557999,0.200000
1.137138,0.557999,0.100000
1.131071,0.569072,0.200000
1.131071,0.569072,0.100000
1.126569,0.577167,0.200000
1.126569,0.577167,0.100000
1.121750,0.585842,0.200000
1.121750,0.585842,0.100000
1.118100,0.592348,0.200000
1.118100,0.592348,0.100000
1.113328,0.600878,0.200000
1.113328,0.600878,0.100000
1.109234,0.608172,0.200000
1.109234,0.608172,0.100000
1.105040,0.615634,0.200000
1.105040,0.615634,0.100000
1.101014,0.622790,0.200000
1.101014,0.622790,0.100000
1.096955,0.629927,0.200000
1.096955,0.629927,0.100000
1.092720,0.637366,0.200000
1.092720,0.637366,0.100000
1.088578,0.644633,0.200000
1.088578,0.644633,0.100000
1.083725,0.653117,0.200000
1.083725,0.653117,0.100000
1.080030,0.659598,0.200000
1.080030,0.659598,0.100000
1.075078,0.668197,0.200000
1.075078,0.668197,0.100000
1.070459,0.676226,0.200000
1.070459,0.676226,0.100000
1.064094,0.687131,0.200000
1.064094,0.687131,0.100000
1.050198,0.705227,0.200000
1.050198,0.705227,0.100000
1.039858,0.718382,0.200000
1.039858,0.718382,0.100000
1.028786,0.732487,0.200000
1.028786,0.732487,0.100000
1.020388,0.743020,0.200000
1.020388,0.743020,0.100000
1.009404,0.756861,0.200000
1.009404,0.756861,0.100000
0.999977,0.768675,0.200000
0.999977,0.768675,0.100000
0.990317,0.780757,0.200000
0.990317,0.780757,0.100000
0.981046,0.792340,0.200000
0.981046,0.792340,0.100000
0.971674,0.803841,0.200000
0.971674,0.803841,0.100000
0.961895,0.815828,0.200000
0.961895,0.815828,0.100000
0.952329,0.827530,0.200000
0.952329,0.827530,0.100000
0.941109,0.841180,0.200000
0.941109,0.841180,0.100000
0.932580,0.851606,0.200000
0.932580,0.851606,0.100000
0.921120,0.865398,0.200000
0.921120,0.865398,0.100000
0.910436,0.878275,0.200000
0.910436,0.878275,0.100000
0.895669,0.895669,0.200000
0.895669,0.895669,0.100000
0.878275,0.910436,0.200000
0.878275,0.910436,0.100000
0.865398,0.921120,0.200000
0.865398,0.921120,0.100000
0.851606,0.932580,0.200000
0.851606,0.932580,0.100000
0.841180,0.941109,0.200000
0.841180,0.941109,0.100000
0.827530,0.952329,0.200000
0.827530,0.952329,0.100000
0.815828,0.961895,0.200000
0.815828,0.961895,0.100000
0.803841,0.971674,0.200000
0.803841,0.971674,0.100000
0.792340,0.981046,0.200000
0.792340,0.981046,0.100000
0.780757,0.990317,0.200000
0.780757,0.990317,0.100000
0.768675,0.999977,0.200000
0.768675,0.999977,0.100000
0.756861,1.009404,0.200000
0.756861,1.009404,0.100000
0.743020,1.020388,0.200000
0.743020,1.020388,0.100000
0.732487,1.028786,0.200000
0.732487,1.028786,0.100000
0.718382,1.039858,0.200000
0.718382,1.039858,0.100000
0.705227,1.050198,0.200000
0.705227,1.050198,0.100000
0.687131,1.064094,0.200000
0.687131,1.064094,0.100000
0.676226,1.070459,0.200000
0.676226,1.070459,0.100000
0.668197,1.075078,0.200000
0.668197,1.075078,0.100000
0.659598,1.080030,0.200000
0.659598,1.080030,0.100000
0.653117,1.083725,0.200000
0.653117,1.083725,0.100000
0.644633,1.088578,0.200000
0.644633,1.088578,0.100000
0.637366,1.092720,0.200000
0.637366,1.092720,0.100000
0.629927,1.096955,0.200000
0.629927,1.096955,0.100000
0.622790,1.101014,0.200000
0.622790,1.101014,0.100000
0.615634,1.105040,0.200000
0.615634,1.105040,0.100000
0.608172,1.109234,0.200000
0.608172,1.109234,0.100000
0.600878,1.113328,0.200000
0.600878,1.113328,0.100000
0.592348,1.118100,0.200000
0.592348,1.118100,0.100000
0.585842,1.121750,0.200000
0.585842,1.121750,0.100000
0.577167,1.126569,0.200000
0.577167,1.126569,0.100000
0.569072,1.131071,0.200000
0.569072,1.131071,0.100000
0.557999,1.137138,0.200000
0.557999,1.137138,0.100000
0.539553,1.144615,0.200000
0.539553,1.144615,0.100000
0.525972,1.149965,0.200000
0.525972,1.149965,0.100000
0.511422,1.155707,0.200000
0.511422,1.155707,0.100000
0.500460,1.159949,0.200000
0.500460,1.159949,0.100000
0.486098,1.165540,0.200000
0.486098,1.165540,0.100000
0.473800,1.170294,0.200000
0.473800,1.170294,0.100000
0.461210,1.175149,0.200000
0.461210,1.175149,0.100000
0.449132,1.179800,0.200000
0.449132,1.179800,0.100000
0.437019,1.184358,0.200000
0.437019,1.184358,0.100000
0.424387,1.189105,0.200000
0.424387,1.189105,0.100000
0.412041,1.193732,0.200000
0.412041,1.193732,0.100000
0.397598,1.199107,0.200000
0.397598,1.199107,0.100000
0.386590,1.203229,0.200000
0.386590,1.203229,0.100000
0.371905,1.208616,0.200000
0.371905,1.208616,0.100000
0.358203,1.213652,0.200000
0.358203,1.213652,0.100000
0.339455,1.220334,0.200000
0.339455,1.220334,0.100000
0.297739,1.225393,0.200000
0.297739,1.225393,0.100000
0.267111,1.228456,0.200000
0.267111,1.228456,0.100000
0.234253,1.231789,0.200000
0.234253,1.231789,0.100000
0.209601,1.233932,0.200000
0.209601,1.233932,0.100000
0.177151,1.236902,0.200000
0.177151,1.236902,0.100000
0.149418,1.239301,0.200000
0.149418,1.239301,0.100000
0.121021,1.241704,0.200000
0.121021,1.241704,0.100000
0.093797,1.243980,0.200000
0.093797,1.243980,0.100000
0.066540,1.245812,0.200000
0.066540,1.245812,0.100000
0.038103,1.247694,0.200000
0.038103,1.247694,0.100000
0.010324,1.249481,0.200000
0.010324,1.249481,0.100000
-0.022204,1.251410,0.200000
-0.022204,1.251410,0.100000
-0.046899,1.252988,0.200000
-0.046899,1.252988,0.100000
-0.079885,1.254620,0.200000
-0.079885,1.254620,0.100000
-0.110627,1.256184,0.200000
-0.110627,1.256184,0.100000
-0.152629,1.257438,0.200000
-0.152629,1.257438,0.100000
-0.185271,1.249413,0.200000
-0.185271,1.249413,0.100000
-0.209093,1.243133,0.200000
-0.209093,1.243133,0.100000
-0.234645,1.236425,0.200000
-0.234645,1.236425,0.100000
-0.253757,1.231175,0.200000
-0.253757,1.231175,0.100000
-0.278898,1.224364,0.200000
-0.278898,1.224364,0.100000
-0.300367,1.218457,0.200000
-0.300367,1.218457,0.100000
-0.322334,1.212378,0.200000
-0.322334,1.212378,0.100000
-0.343392,1.206532,0.200000
-0.343392,1.206532,0.100000
-0.364373,1.200413,0.200000
-0.364373,1.200413,0.100000
-0.386249,1.194014,0.200000
-0.386249,1.194014,0.100000
-0.407611,1.187731,0.200000
-0.407611,1.187731,0.100000
-0.432571,1.180283,0.200000
-0.432571,1.180283,0.100000
-0.451583,1.174682,0.200000
-0.451583,1.174682,0.100000
-0.476837,1.166930,0.200000
-0.476837,1.166930,0.100000
-0.500397,1.159725,0.200000
-0.500397,1.159725,0.100000
-0.532372,1.149359,0.200000
-0.532372,1.149359,0.100000
-0.564157,1.129036,0.200000
-0.564157,1.129036,0.100000
-0.587164,1.113709,0.200000
-0.587164,1.113709,0.100000
-0.611861,1.097300,0.200000
-0.611861,1.097300,0.100000
-0.630219,1.084759,0.200000
-0.630219,1.084759,0.100000
-0.654435,1.068361,0.200000
-0.654435,1.068361,0.100000
-0.675065,1.054255,0.200000
-0.675065,1.054255,0.100000
-0.696161,1.039780,0.200000
-0.696161,1.039780,0.100000
-0.716374,1.025884,0.200000
-0.716374,1.025884,0.100000
-0.736381,1.011694,0.200000
-0.736381,1.011694,0.100000
-0.757237,0.996875,0.200000
-0.757237,0.996875,0.100000
-0.777585,0.982365,0.200000
-0.777585,0.982365,0.100000
-0.801320,0.965279,0.200000
-0.801320,0.965279,0.100000
-0.819417,0.952364,0.200000
-0.819417,0.952364,0.100000
-0.843328,0.934830,0.200000
-0.843328,0.934830,0.100000
-0.865641,0.918510,0.200000
-0.865641,0.918510,0.100000
-0.895669,0.895669,0.200000
-0.895669,0.895669,0.100000
-0.918510,0.865641,0.200000
-0.918510,0.865641,0.100000
-0.934830,0.843328,0.200000
-0.934830,0.843328,0.100000
-0.952364,0.819417,0.200000
-0.952364,0.819417,0.100000
-0.965279,0.801320,0.200000
-0.965279,0.801320,0.100000
-0.982365,0.777585,0.200000
-0.982365,0.777585,0.100000
-0.996875,0.757237,0.200000
-0.996875,0.757237,0.100000
-1.011694,0.736381,0.200000
-1.011694,0.736381,0.100000
-1.025884,0.716374,0.200000
-1.025884,0.716374,0.100000
-1.039780,0.696161,0.200000
-1.039780,0.696161,0.100000
-1.054255,0.675065,0.200000
-1.054255,0.675065,0.100000
-1.068361,0.654435,0.200000
-1.068361,0.654435,0.100000
-1.084759,0.630219,0.200000
-1.084759,0.630219,0.100000
-1.097300,0.611861,0.200000
-1.097300,0.611861,0.100000
-1.113709,0.587164,0.200000
-1.113709,0.587164,0.100000
-1.129036,0.564157,0.200000
-1.129036,0.564157,0.100000
-1.149359,0.532372,0.200000
-1.149359,0.532372,0.100000
-1.159725,0.500397,0.200000
-1.159725,0.500397,0.100000
-1.166930,0.476837,0.200000
-1.166930,0.476837,0.100000
-1.174682,0.451583,0.200000
-1.174682,0.451583,0.100000
-1.180283,0.432571,0.200000
-1.180283,0.432571,0.100000
-1.187731,0.407611,0.200000
-1.187731,0.407611,0.100000
-1.194014,0.386249,0.200000
-1.194014,0.386249,0.100000
-1.200413,0.364373,0.200000
-1.200413,0.364373,0.100000
-1.206532,0.343392,0.200000
-1.206532,0.343392,0.100000
-1.212378,0.322334,0.200000
-1.212378,0.322334,0.100000
-1.218457,0.300367,0.200000
-1.218457,0.300367,0.100000
-1.224364,0.278898,0.200000
-1.224364,0.278898,0.100000
-1.231175,0.253757,0.200000
-1.231175,0.253757,0.100000
-1.236425,0.234645,0.200000
-1.236425,0.234645,0.100000
-1.243133,0.209093,0.200000
-1.243133,0.209093,0.100000
-1.249413,0.185271,0.200000
-1.249413,0.185271,0.100000
-1.257438,0.152629,0.200000
-1.257438,0.152629,0.100000
-1.254484,0.102656,0.200000
-1.254484,0.102656,0.100000
-1.251403,0.066141,0.200000
-1.251403,0.066141,0.100000
-1.248163,0.026929,0.200000
-1.248163,0.026929,0.100000
-1.245231,-0.002357,0.200000
-1.245231,-0.002357,0.100000
-1.241580,-0.041037,0.200000
-1.241580,-0.041037,0.100000
-1.238265,-0.074031,0.200000
-1.238265,-0.074031,0.100000
-1.234795,-0.107812,0.200000
-1.234795,-0.107812,0.100000
-1.231429,-0.140178,0.200000
-1.231429,-0.140178,0.100000
-1.227434,-0.172473,0.200000
-1.227434,-0.172473,0.100000
-1.223223,-0.206169,0.200000
-1.223223,-0.206169,0.100000
-1.219038,-0.239065,0.200000
-1.219038,-0.239065,0.100000
-1.213902,-0.277575,0.200000
-1.213902,-0.277575,0.100000
-1.210176,-0.306771,0.200000
-1.210176,-0.306771,0.100000
-1.204520,-0.345708,0.200000
-1.204520,-0.345708,0.100000
-1.199316,-0.381982,0.200000
-1.199316,-0.381982,0.100000
-1.190962,-0.431340,0.200000
-1.190962,-0.431340,0.100000
-1.182475,-0.450267,0.200000
-1.182475,-0.450267,0.100000
-1.176108,-0.464083,0.200000
-1.176108,-0.464083,0.100000
-1.169295,-0.478892,0.200000
-1.169295,-0.478892,0.100000
-1.164098,-0.489984,0.200000
-1.164098,-0.489984,0.100000
-1.157315,-0.504542,0.200000
-1.157315,-0.504542,0.100000
-1.151482,-0.516983,0.200000
-1.151482,-0.516983,0.100000
-1.145500,-0.529710,0.200000
-1.145500,-0.529710,0.100000
-1.139757,-0.541914,0.200000
-1.139757,-0.541914,0.100000
-1.133917,-0.554072,0.200000
-1.133917,-0.554072,0.100000
-1.127822,-0.566745,0.200000
-1.127822,-0.566745,0.100000
-1.121855,-0.579123,0.200000
-1.121855,-0.579123,0.100000
-1.114845,-0.593574,0.200000
-1.114845,-0.593574,0.100000
-1.109523,-0.604606,0.200000
-1.109523,-0.604606,0.100000
-1.102337,-0.619238,0.200000
-1.102337,-0.619238,0.100000
-1.113313,-0.653397,0.175000
-1.113313,-0.653397,0.125000
-1.107759,-0.664284,0.175000
-1.107759,-0.664284,0.125000
-1.101697,-0.673140,0.175000
-1.101697,-0.673140,0.125000
-1.097210,-0.679570,0.175000
-1.097210,-0.679570,0.125000
-1.092537,-0.686273,0.175000
-1.092537,-0.686273,0.125000
-1.089370,-0.690711,0.175000
-1.089370,-0.690711,0.125000
-1.084574,-0.697572,0.175000
-1.084574,-0.697572,0.125000
-1.080974,-0.702652,0.175000
-1.080974,-0.702652,0.125000
-1.077239,-0.707927,0.175000
-1.077239,-0.707927,0.125000
-1.074609,-0.711587,0.175000
-1.074609,-0.711587,0.125000
-1.070057,-0.718015,0.175000
-1.070057,-0.718015,0.125000
-1.066284,-0.723314,0.175000
-1.066284,-0.723314,0.125000
-1.062436,-0.728716,0.175000
-1.062436,-0.728716,0.125000
-1.059138,-0.733331,0.175000
-1.059138,-0.733331,0.125000
-1.055327,-0.738664,0.175000
-1.055327,-0.738664,0.125000
-1.051814,-0.743576,0.175000
-1.051814,-0.743576,0.125000
-1.048282,-0.748511,0.175000
-1.048282,-0.748511,0.125000
-1.044784,-0.753398,0.175000
-1.044784,-0.753398,0.125000
-1.041252,-0.758260,0.175000
-1.041252,-0.758260,0.125000
-1.037685,-0.763170,0.175000
-1.037685,-0.763170,0.125000
-1.034134,-0.768054,0.175000
-1.034134,-0.768054,0.125000
-1.030277,-0.773354,0.175000
-1.030277,-0.773354,0.125000
-1.026940,-0.777940,0.175000
-1.026940,-0.777940,0.125000
-1.023029,-0.783298,0.175000
-1.023029,-0.783298,0.125000
-1.019193,-0.788551,0.175000
-1.019193,-0.788551,0.125000
-1.014532,-0.794900,0.175000
-1.014532,-0.794900,0.125000
-1.011889,-0.798552,0.175000
-1.011889,-0.798552,0.125000
-1.008064,-0.803761,0.175000
-1.008064,-0.803761,0.125000
-1.004381,-0.808781,0.175000
-1.004381,-0.808781,0.125000
-0.999386,-0.815499,0.175000
-0.999386,-0.815499,0.125000
-0.996174,-0.819905,0.175000
-0.996174,-0.819905,0.125000
-0.991290,-0.826455,0.175000
-0.991290,-0.826455,0.125000
-0.986606,-0.832744,0.175000
-0.986606,-0.832744,0.125000
-0.980118,-0.841292,0.175000
-0.980118,-0.841292,0.125000
-0.976874,-0.844871,0.175000
-0.976874,-0.844871,0.125000
-0.974492,-0.847477,0.175000
-0.974492,-0.847477,0.125000
-0.972012,-0.850193,0.175000
-0.972012,-0.850193,0.125000
-0.970347,-0.851997,0.175000
-0.970347,-0.851997,0.125000
-0.967805,-0.854777,0.175000
-0.967805,-0.854777,0.125000
-0.965907,-0.856841,0.175000
-0.965907,-0.856841,0.125000
-0.963938,-0.858982,0.175000
-0.963938,-0.858982,0.125000
-0.962558,-0.860473,0.175000
-0.962558,-0.860473,0.125000
-0.960160,-0.863081,0.175000
-0.960160,-0.863081,0.125000
-0.958176,-0.865234,0.175000
-0.958176,-0.865234,0.125000
-0.956153,-0.867429,0.175000
-0.956153,-0.867429,0.125000
-0.954420,-0.869305,0.175000
-0.954420,-0.869305,0.125000
-0.952420,-0.871472,0.175000
-0.952420,-0.871472,0.125000
-0.950576,-0.873469,0.175000
-0.950576,-0.873469,0.125000
-0.948722,-0.875476,0.175000
-0.948722,-0.875476,0.125000
-0.946887,-0.877463,0.175000
-0.946887,-0.877463,0.125000
-0.945045,-0.879444,0.175000
-0.945045,-0.879444,0.125000
-0.943185,-0.881445,0.175000
-0.943185,-0.881445,0.125000
-0.941334,-0.883435,0.175000
-0.941334,-0.883435,0.125000
-0.939325,-0.885595,0.175000
-0.939325,-0.885595,0.125000
-0.937586,-0.887464,0.175000
-0.937586,-0.887464,0.125000
-0.935551,-0.889648,0.175000
-0.935551,-0.889648,0.125000
-0.933556,-0.891790,0.175000
-0.933556,-0.891790,0.125000
-0.931137,-0.894380,0.175000
-0.931137,-0.894380,0.125000
-0.929756,-0.895869,0.175000
-0.929756,-0.895869,0.125000
-0.927770,-0.897995,0.175000
-0.927770,-0.897995,0.125000
-0.925857,-0.900044,0.175000
-0.925857,-0.900044,0.125000
-0.923278,-0.902791,0.175000
-0.923278,-0.902791,0.125000
-0.921605,-0.904588,0.175000
-0.921605,-0.904588,0.125000
-0.919086,-0.907267,0.175000
-0.919086,-0.907267,0.125000
-0.916669,-0.909840,0.175000
-0.916669,-0.909840,0.125000
-0.913346,-0.913346,0.175000
-0.913346,-0.913346,0.125000
-0.909840,-0.916669,0.175000
-0.909840,-0.916669,0.125000
-0.907267,-0.919086,0.175000
-0.907267,-0.919086,0.125000
-0.904588,-0.921605,0.175000
-0.904588,-0.921605,0.125000
-0.902791,-0.923278,0.175000
-0.902791,-0.923278,0.125000
-0.900044,-0.925857,0.175000
-0.900044,-0.925857,0.125000
-0.897995,-0.927770,0.175000
-0.897995,-0.927770,0.125000
-0.895869,-0.929756,0.175000
-0.895869,-0.929756,0.125000
-0.894380,-0.931137,0.175000
-0.894380,-0.931137,0.125000
-0.891790,-0.933556,0.175000
-0.891790,-0.933556,0.125000
-0.889648,-0.935551,0.175000
-0.889648,-0.935551,0.125000
-0.887464,-0.937586,0.175000
-0.887464,-0.937586,0.125000
-0.885595,-0.939325,0.175000
-0.885595,-0.939325,0.125000
-0.883435,-0.941334,0.175000
-0.883435,-0.941334,0.125000
-0.881445,-0.943185,0.175000
-0.881445,-0.943185,0.125000
-0.879444,-0.945045,0.175000
-0.879444,-0.945045,0.125000
-0.877463,-0.946887,0.175000
-0.877463,-0.946887,0.125000
-0.875476,-0.948722,0.175000
-0.875476,-0.948722,0.125000
-0.873469,-0.950576,0.175000
-0.873469,-0.950576,0.125000
-0.871472,-0.952420,0.175000
-0.871472,-0.952420,0.125000
-0.869305,-0.954420,0.175000
-0.869305,-0.954420,0.125000
-0.867429,-0.956153,0.175000
-0.867429,-0.956153,0.125000
-0.865234,-0.958176,0.175000
-0.865234,-0.958176,0.125000
-0.863081,-0.960160,0.175000
-0.863081,-0.960160,0.125000
-0.860473,-0.962558,0.175000
-0.860473,-0.962558,0.125000
-0.858982,-0.963938,0.175000
-0.858982,-0.963938,0.125000
-0.856841,-0.965907,0.175000
-0.856841,-0.965907,0.125000
-0.854777,-0.967805,0.175000
-0.854777,-0.967805,0.125000
-0.851997,-0.970347,0.175000
-0.851997,-0.970347,0.125000
-0.850193,-0.972012,0.175000
-0.850193,-0.972012,0.125000
-0.847477,-0.974492,0.175000
-0.847477,-0.974492,0.125000
-0.844871,-0.976874,0.175000
-0.844871,-0.976874,0.125000
-0.841292,-0.980118,0.175000
-0.841292,-0.980118,0.125000
-0.832744,-0.986606,0.175000
-0.832744,-0.986606,0.125000
-0.826455,-0.991290,0.175000
-0.826455,-0.991290,0.125000
-0.819905,-0.996174,0.175000
-0.819905,-0.996174,0.125000
-0.815499,-0.999386,0.175000
-0.815499,-0.999386,0.125000
-0.808781,-1.004381,0.175000
-0.808781,-1.004381,0.125000
-0.803761,-1.008064,0.175000
-0.803761,-1.008064,0.125000
-0.798552,-1.011889,0.175000
-0.798552,-1.011889,0.125000
-0.794900,-1.014532,0.175000
-0.794900,-1.014532,0.125000
-0.788551,-1.019193,0.175000
-0.788551,-1.019193,0.125000
-0.783298,-1.023029,0.175000
-0.783298,-1.023029,0.125000
-0.777940,-1.026940,0.175000
-0.777940,-1.026940,0.125000
-0.773354,-1.030277,0.175000
-0.773354,-1.030277,0.125000
-0.768054,-1.034134,0.175000
-0.768054,-1.034134,0.125000
-0.763170,-1.037685,0.175000
-0.763170,-1.037685,0.125000
-0.758260,-1.041252,0.175000
-0.758260,-1.041252,0.125000
-0.753398,-1.044784,0.175000
-0.753398,-1.044784,0.125000
-0.748511,-1.048282,0.175000
-0.748511,-1.048282,0.125000
-0.743576,-1.051814,0.175000
-0.743576,-1.051814,0.125000
-0.738664,-1.055327,0.175000
-0.738664,-1.055327,0.125000
-0.733331,-1.059138,0.175000
-0.733331,-1.059138,0.125000
-0.728716,-1.062436,0.175000
-0.728716,-1.062436,0.125000
-0.723314,-1.066284,0.175000
-0.723314,-1.066284,0.125000
-0.718015,-1.070057,0.175000
-0.718015,-1.070057,0.125000
-0.711587,-1.074609,0.175000
-0.711587,-1.074609,0.125000
-0.707927,-1.077239,0.175000
-0.707927,-1.077239,0.125000
-0.702652,-1.080974,0.175000
-0.702652,-1.080974,0.125000
-0.697572,-1.084574,0.175000
-0.697572,-1.084574,0.125000
-0.690711,-1.089370,0.175000
-0.690711,-1.089370,0.125000
-0.686273,-1.092537,0.175000
-0.686273,-1.092537,0.125000
-0.679570,-1.097210,0.175000
-0.679570,-1.097210,0.125000
-0.673140,-1.101697,0.175000
-0.673140,-1.101697,0.125000
-0.664284,-1.107759,0.175000
-0.664284,-1.107759,0.125000
-0.653397,-1.113313,0.175000
-0.653397,-1.113313,0.125000
-0.645402,-1.117288,0.175000
-0.645402,-1.117288,0.125000
-0.637073,-1.121436,0.175000
-0.637073,-1.121436,0.125000
-0.631482,-1.124134,0.175000
-0.631482,-1.124134,0.125000
-0.622941,-1.128370,0.175000
-0.622941,-1.128370,0.125000
-0.616568,-1.131475,0.175000
-0.616568,-1.131475,0.125000
-0.609953,-1.134700,0.175000
-0.609953,-1.134700,0.125000
-0.605323,-1.136912,0.175000
-0.605323,-1.136912,0.125000
-0.597259,-1.140843,0.175000
-0.597259,-1.140843,0.125000
-0.590590,-1.144070,0.175000
-0.590590,-1.144070,0.125000
-0.583790,-1.147358,0.175000
-0.583790,-1.147358,0.125000
-0.577971,-1.150160,0.175000
-0.577971,-1.150160,0.125000
-0.571245,-1.153399,0.175000
-0.571245,-1.153399,0.125000
-0.565048,-1.156379,0.175000
-0.565048,-1.156379,0.125000
-0.558819,-1.159372,0.175000
-0.558819,-1.159372,0.125000
-0.552649,-1.162335,0.175000
-0.552649,-1.162335,0.125000
-0.546457,-1.165249,0.175000
-0.546457,-1.165249,0.125000
-0.540203,-1.168192,0.175000
-0.540203,-1.168192,0.125000
-0.533980,-1.171117,0.175000
-0.533980,-1.171117,0.125000
-0.527223,-1.174289,0.175000
-0.527223,-1.174289,0.125000
-0.521376,-1.177034,0.175000
-0.521376,-1.177034,0.125000
-0.514533,-1.180232,0.175000
-0.514533,-1.180232,0.125000
-0.507821,-1.183368,0.175000
-0.507821,-1.183368,0.125000
-0.499682,-1.187140,0.175000
-0.499682,-1.187140,0.125000
-0.495045,-1.189335,0.175000
-0.495045,-1.189335,0.125000
-0.488367,-1.192430,0.175000
-0.488367,-1.192430,0.125000
-0.481936,-1.195413,0.175000
-0.481936,-1.195413,0.125000
-0.473259,-1.199363,0.175000
-0.473259,-1.199363,0.125000
-0.467638,-1.201997,0.175000
-0.467638,-1.201997,0.125000
-0.459163,-1.205838,0.175000
-0.459163,-1.205838,0.125000
-0.451033,-1.209530,0.175000
-0.451033,-1.209530,0.125000
-0.439853,-1.214468,0.175000
-0.439853,-1.214468,0.125000
-0.410833,-1.219789,0.175000
-0.410833,-1.219789,0.125000
-0.389569,-1.223137,0.175000
-0.389569,-1.223137,0.125000
-0.367395,-1.226665,0.175000
-0.367395,-1.226665,0.125000
-0.352605,-1.228550,0.175000
-0.352605,-1.228550,0.125000
-0.329834,-1.232089,0.175000
-0.329834,-1.232089,0.125000
-0.312914,-1.234410,0.175000
-0.312914,-1.234410,0.125000
-0.295338,-1.236838,0.175000
-0.295338,-1.236838,0.125000
-0.283148,-1.238273,0.175000
-0.283148,-1.238273,0.125000
-0.261625,-1.241251,0.175000
-0.261625,-1.241251,0.125000
-0.243876,-1.243571,0.175000
-0.243876,-1.243571,0.125000
-0.225772,-1.245931,0.175000
-0.225772,-1.245931,0.125000
-0.210324,-1.247875,0.175000
-0.210324,-1.247875,0.125000
-0.192421,-1.250135,0.175000
-0.192421,-1.250135,0.125000
-0.175952,-1.252191,0.175000
-0.175952,-1.252191,0.125000
-0.159395,-1.254242,0.175000
-0.159395,-1.254242,0.125000
-0.143006,-1.256269,0.175000
-0.143006,-1.256269,0.125000
-0.126581,-1.257978,0.175000
-0.126581,-1.257978,0.125000
-0.109986,-1.259700,0.175000
-0.109986,-1.259700,0.125000
-0.093476,-1.261399,0.175000
-0.093476,-1.261399,0.125000
-0.075523,-1.263220,0.175000
-0.075523,-1.263220,0.125000
-0.060034,-1.264797,0.175000
-0.060034,-1.264797,0.125000
-0.041863,-1.266567,0.175000
-0.041863,-1.266567,0.125000
-0.024046,-1.268295,0.175000
-0.024046,-1.268295,0.125000
-0.002404,-1.270231,0.175000
-0.002404,-1.270231,0.125000
0.009796,-1.271573,0.175000
0.009796,-1.271573,0.125000
0.027468,-1.273157,0.175000
0.027468,-1.273157,0.125000
0.044476,-1.274698,0.175000
0.044476,-1.274698,0.125000
0.067460,-1.276368,0.175000
0.067460,-1.276368,0.125000
0.082296,-1.277855,0.175000
0.082296,-1.277855,0.125000
0.104695,-1.279401,0.175000
0.104695,-1.279401,0.125000
0.126168,-1.280917,0.175000
0.126168,-1.280917,0.125000
0.155642,-1.282256,0.175000
0.155642,-1.282256,0.125000
0.174918,-1.277703,0.175000
0.174918,-1.277703,0.125000
0.188938,-1.274143,0.175000
0.188938,-1.274143,0.125000
0.203555,-1.270447,0.175000
0.203555,-1.270447,0.125000
0.213240,-1.267786,0.175000
0.213240,-1.267786,0.125000
0.228216,-1.263960,0.175000
0.228216,-1.263960,0.125000
0.239306,-1.260987,0.175000
0.239306,-1.260987,0.125000
0.250824,-1.257907,0.175000
0.250824,-1.257907,0.125000
0.258804,-1.255660,0.175000
0.258804,-1.255660,0.125000
0.272864,-1.251900,0.175000
0.272864,-1.251900,0.125000
0.284451,-1.248740,0.175000
0.284451,-1.248740,0.125000
0.296265,-1.245515,0.175000
0.296265,-1.245515,0.125000
0.306351,-1.242731,0.175000
0.306351,-1.242731,0.125000
0.318018,-1.239512,0.175000
0.318018,-1.239512,0.125000
0.328758,-1.236539,0.175000
0.328758,-1.236539,0.125000
0.339550,-1.233544,0.175000
0.339550,-1.233544,0.125000
0.350236,-1.230577,0.175000
0.350236,-1.230577,0.125000
0.360882,-1.227473,0.175000
0.360882,-1.227473,0.125000
0.371635,-1.224336,0.175000
0.371635,-1.224336,0.125000
0.382330,-1.221208,0.175000
0.382330,-1.221208,0.125000
0.393944,-1.217800,0.175000
0.393944,-1.217800,0.125000
0.403984,-1.214857,0.175000
0.403984,-1.214857,0.125000
0.415726,-1.211378,0.175000
0.415726,-1.211378,0.125000
0.427240,-1.207963,0.175000
0.427240,-1.207963,0.125000
0.441173,-1.203756,0.175000
0.441173,-1.203756,0.125000
0.449141,-1.201464,0.175000
0.449141,-1.201464,0.125000
0.460554,-1.198017,0.175000
0.460554,-1.198017,0.125000
0.471547,-1.194705,0.175000
0.471547,-1.194705,0.125000
0.486294,-1.190072,0.175000
0.486294,-1.190072,0.125000
0.495928,-1.187234,0.175000
0.495928,-1.187234,0.125000
0.510301,-1.182679,0.175000
0.510301,-1.182679,0.125000
0.524094,-1.178323,0.175000
0.524094,-1.178323,0.125000
0.542879,-1.172044,0.175000
0.542879,-1.172044,0.125000
0.561732,-1.160260,0.175000
0.561732,-1.160260,0.125000
0.575332,-1.151399,0.175000
0.575332,-1.151399,0.125000
0.589521,-1.142178,0.175000
0.589521,-1.142178,0.125000
0.598823,-1.135824,0.175000
0.598823,-1.135824,0.125000
0.613348,-1.126327,0.175000
0.613348,-1.126327,0.125000
0.624036,-1.119135,0.175000
0.624036,-1.119135,0.125000
0.635142,-1.111673,0.175000
0.635142,-1.111673,0.125000
0.642778,-1.106376,0.175000
0.642778,-1.106376,0.125000
0.656345,-1.097260,0.175000
0.656345,-1.097260,0.125000
0.667493,-1.089679,0.175000
0.667493,-1.089679,0.125000
0.678860,-1.081946,0.175000
0.678860,-1.081946,0.125000
0.688546,-1.075309,0.175000
0.688546,-1.075309,0.125000
0.699757,-1.067632,0.175000
0.699757,-1.067632,0.125000
0.710070,-1.060554,0.175000
0.710070,-1.060554,0.125000
0.720431,-1.053433,0.175000
0.720431,-1.053433,0.125000
0.730687,-1.046381,0.175000
0.730687,-1.046381,0.125000
0.740840,-1.039182,0.175000
0.740840,-1.039182,0.125000
0.751094,-1.031907,0.175000
0.751094,-1.031907,0.125000
0.761290,-1.024663,0.175000
0.761290,-1.024663,0.125000
0.772359,-1.016783,0.175000
0.772359,-1.016783,0.125000
0.781926,-1.009975,0.175000
0.781926,-1.009975,0.125000
0.793101,-1.001967,0.175000
0.793101,-1.001967,0.125000
0.804058,-0.994112,0.175000
0.804058,-0.994112,0.125000
0.817289,-0.984515,0.175000
0.817289,-0.984515,0.125000
0.824892,-0.979171,0.175000
0.824892,-0.979171,0.125000
0.835722,-0.971315,0.175000
0.835722,-0.971315,0.125000
0.846156,-0.963757,0.175000
0.846156,-0.963757,0.125000
0.860074,-0.953393,0.175000
0.860074,-0.953393,0.125000
0.869244,-0.946849,0.175000
0.869244,-0.946849,0.125000
0.882788,-0.936703,0.175000
0.882788,-0.936703,0.125000
0.895791,-0.926987,0.175000
0.895791,-0.926987,0.125000
0.913346,-0.913346,0.175000
0.913346,-0.913346,0.125000
0.926987,-0.895791,0.175000
0.926987,-0.895791,0.125000
0.936703,-0.882788,0.175000
0.936703,-0.882788,0.125000
0.946849,-0.869244,0.175000
0.946849,-0.869244,0.125000
0.953393,-0.860074,0.175000
0.953393,-0.860074,0.125000
0.963757,-0.846156,0.175000
0.963757,-0.846156,0.125000
0.971315,-0.835722,0.175000
0.971315,-0.835722,0.125000
0.979171,-0.824892,0.175000
0.979171,-0.824892,0.125000
0.984515,-0.817289,0.175000
0.984515,-0.817289,0.125000
0.994112,-0.804058,0.175000
0.994112,-0.804058,0.125000
1.001967,-0.793101,0.175000
1.001967,-0.793101,0.125000
1.009975,-0.781926,0.175000
1.009975,-0.781926,0.125000
1.016783,-0.772359,0.175000
1.016783,-0.772359,0.125000
1.024663,-0.761290,0.175000
1.024663,-0.761290,0.125000
1.031907,-0.751094,0.175000
1.031907,-0.751094,0.125000
1.039182,-0.740840,0.175000
1.039182,-0.740840,0.125000
1.046381,-0.730687,0.175000
1.046381,-0.730687,0.125000
1.053433,-0.720431,0.175000
1.053433,-0.720431,0.125000
1.060554,-0.710070,0.175000
1.060554,-0.710070,0.125000
1.067632,-0.699757,0.175000
1.067632,-0.699757,0.125000
1.075309,-0.688546,0.175000
1.075309,-0.688546,0.125000
1.081946,-0.678860,0.175000
1.081946,-0.678860,0.125000
1.089679,-0.667493,0.175000
1.089679,-0.667493,0.125000
1.097260,-0.656345,0.175000
1.097260,-0.656345,0.125000
1.106376,-0.642778,0.175000
1.106376,-0.642778,0.125000
1.111673,-0.635142,0.175000
1.111673,-0.635142,0.125000
1.119135,-0.624036,0.175000
1.119135,-0.624036,0.125000
1.126327,-0.613348,0.175000
1.126327,-0.613348,0.125000
1.135824,-0.598823,0.175000
1.135824,-0.598823,0.125000
1.142178,-0.589521,0.175000
1.142178,-0.589521,0.125000
1.151399,-0.575332,0.175000
1.151399,-0.575332,0.125000
1.160260,-0.561732,0.175000
1.160260,-0.561732,0.125000
1.172044,-0.542879,0.175000
1.172044,-0.542879,0.125000
1.178323,-0.524094,0.175000
1.178323,-0.524094,0.125000
1.182679,-0.510301,0.175000
1.182679,-0.510301,0.125000
1.187234,-0.495928,0.175000
1.187234,-0.495928,0.125000
1.190072,-0.486294,0.175000
1.190072,-0.486294,0.125000
1.194705,-0.471547,0.175000
1.194705,-0.471547,0.125000
1.198017,-0.460554,0.175000
1.198017,-0.460554,0.125000
1.201464,-0.449141,0.175000
1.201464,-0.449141,0.125000
1.203756,-0.441173,0.175000
1.203756,-0.441173,0.125000
1.207963,-0.427240,0.175000
1.207963,-0.427240,0.125000
1.211378,-0.415726,0.175000
1.211378,-0.415726,0.125000
1.214857,-0.403984,0.175000
1.214857,-0.403984,0.125000
1.217800,-0.393944,0.175000
1.217800,-0.393944,0.125000
1.221208,-0.382330,0.175000
1.221208,-0.382330,0.125000
1.224336,-0.371635,0.175000
1.224336,-0.371635,0.125000
1.227473,-0.360882,0.175000
1.227473,-0.360882,0.125000
1.230577,-0.350236,0.175000
1.230577,-0.350236,0.125000
1.233544,-0.339550,0.175000
1.233544,-0.339550,0.125000
1.236539,-0.328758,0.175000
1.236539,-0.328758,0.125000
1.239512,-0.318018,0.175000
1.239512,-0.318018,0.125000
1.242731,-0.306351,0.175000
1.242731,-0.306351,0.125000
1.245515,-0.296265,0.175000
1.245515,-0.296265,0.125000
1.248740,-0.284451,0.175000
1.248740,-0.284451,0.125000
1.251900,-0.272864,0.175000
1.251900,-0.272864,0.125000
1.255660,-0.258804,0.175000
1.255660,-0.258804,0.125000
1.257907,-0.250824,0.175000
1.257907,-0.250824,0.125000
1.260987,-0.239306,0.175000
1.260987,-0.239306,0.125000
1.263960,-0.228216,0.175000
1.263960,-0.228216,0.125000
1.267786,-0.213240,0.175000
1.267786,-0.213240,0.125000
1.270447,-0.203555,0.175000
1.270447,-0.203555,0.125000
1.274143,-0.188938,0.175000
1.274143,-0.188938,0.125000
1.277703,-0.174918,0.175000
1.277703,-0.174918,0.125000
1.282256,-0.155642,0.175000
1.282256,-0.155642,0.125000
1.281800,-0.130882,0.175000
1.281800,-0.130882,0.125000
1.281088,-0.112820,0.175000
1.281088,-0.112820,0.125000
1.280370,-0.093986,0.175000
1.280370,-0.093986,0.125000
1.279570,-0.081474,0.175000
1.279570,-0.081474,0.125000
1.278774,-0.062157,0.175000
1.278774,-0.062157,0.125000
1.277971,-0.047834,0.175000
1.277971,-0.047834,0.125000
1.277148,-0.032957,0.175000
1.277148,-0.032957,0.125000
1.276406,-0.022648,0.175000
1.276406,-0.022648,0.125000
1.275402,-0.004460,0.175000
1.275402,-0.004460,0.125000
1.274480,0.010531,0.175000
1.274480,0.010531,0.125000
1.273536,0.025819,0.175000
1.273536,0.025819,0.125000
1.272682,0.038866,0.175000
1.272682,0.038866,0.125000
1.271698,0.053972,0.175000
1.271698,0.053972,0.125000
1.270776,0.067873,0.175000
1.270776,0.067873,0.125000
1.269840,0.081845,0.175000
1.269840,0.081845,0.125000
1.268909,0.095677,0.175000
1.268909,0.095677,0.125000
1.267755,0.109492,0.175000
1.267755,0.109492,0.125000
1.266586,0.123446,0.175000
1.266586,0.123446,0.125000
1.265413,0.137328,0.175000
1.265413,0.137328,0.125000
1.264121,0.152411,0.175000
1.264121,0.152411,0.125000
1.263008,0.165439,0.175000
1.263008,0.165439,0.125000
1.261650,0.180695,0.175000
1.261650,0.180695,0.125000
1.260313,0.195655,0.175000
1.260313,0.195655,0.125000
1.258579,0.213787,0.175000
1.258579,0.213787,0.125000
1.257767,0.224092,0.175000
1.257767,0.224092,0.125000
1.256349,0.238924,0.175000
1.256349,0.238924,0.125000
1.254995,0.253205,0.175000
1.254995,0.253205,0.125000
1.252886,0.272423,0.175000
1.252886,0.272423,0.125000
1.251801,0.284913,0.175000
1.251801,0.284913,0.125000
1.249686,0.303642,0.175000
1.249686,0.303642,0.125000
1.247682,0.321607,0.175000
1.247682,0.321607,0.125000
1.244420,0.346155,0.175000
1.244420,0.346155,0.125000
1.240542,0.357222,0.175000
1.240542,0.357222,0.125000
1.237629,0.365280,0.175000
1.237629,0.365280,0.125000
1.234599,0.373679,0.175000
1.234599,0.373679,0.125000
1.232511,0.379257,0.175000
1.232511,0.379257,0.125000
1.229393,0.387858,0.175000
1.229393,0.387858,0.125000
1.227030,0.394237,0.175000
1.227030,0.394237,0.125000
1.224580,0.400861,0.175000
1.224580,0.400861,0.125000
1.222836,0.405466,0.175000
1.222836,0.405466,0.125000
1.219850,0.413539,0.175000
1.219850,0.413539,0.125000
1.217364,0.420198,0.175000
1.217364,0.420198,0.125000
1.214828,0.426988,0.175000
1.214828,0.426988,0.125000
1.212650,0.432791,0.175000
1.212650,0.432791,0.125000
1.210134,0.439497,0.175000
1.210134,0.439497,0.125000
1.207813,0.445673,0.175000
1.207813,0.445673,0.125000
1.205477,0.451880,0.175000
1.205477,0.451880,0.125000
1.203164,0.458027,0.175000
1.203164,0.458027,0.125000
1.200805,0.464155,0.175000
1.200805,0.464155,0.125000
1.198421,0.470344,0.175000
1.198421,0.470344,0.125000
1.196047,0.476500,0.175000
1.196047,0.476500,0.125000
1.193467,0.483182,0.175000
1.193467,0.483182,0.125000
1.191235,0.488964,0.175000
1.191235,0.488964,0.125000
1.188613,0.495721,0.175000
1.188613,0.495721,0.125000
1.186041,0.502348,0.175000
1.186041,0.502348,0.125000
1.182904,0.510363,0.175000
1.182904,0.510363,0.125000
1.181144,0.514962,0.175000
1.181144,0.514962,0.125000
1.178569,0.521538,0.175000
1.178569,0.521538,0.125000
1.176091,0.527874,0.175000
1.176091,0.527874,0.125000
1.172700,0.536370,0.175000
1.172700,0.536370,0.125000
1.170550,0.541926,0.175000
1.170550,0.541926,0.125000
1.167228,0.550213,0.175000
1.167228,0.550213,0.125000
1.164045,0.558168,0.175000
1.164045,0.558168,0.125000
1.159581,0.569012,0.175000
1.159581,0.569012,0.125000
1.156029,0.575549,0.175000
1.156029,0.575549,0.125000
1.153403,0.580309,0.175000
1.153403,0.580309,0.125000
1.150669,0.585269,0.175000
1.150669,0.585269,0.125000
1.148819,0.588567,0.175000
1.148819,0.588567,0.125000
1.146014,0.593646,0.175000
1.146014,0.593646,0.125000
1.143910,0.597415,0.175000
1.143910,0.597415,0.125000
1.141728,0.601328,0.175000
1.141728,0.601328,0.125000
1.140191,0.604051,0.175000
1.140191,0.604051,0.125000
1.137532,0.608818,0.175000
1.137532,0.608818,0.125000
1.135328,0.612752,0.175000
1.135328,0.612752,0.125000
1.133081,0.616762,0.175000
1.133081,0.616762,0.125000
1.131155,0.620191,0.175000
1.131155,0.620191,0.125000
1.128930,0.624152,0.175000
1.128930,0.624152,0.125000
1.126879,0.627801,0.175000
1.126879,0.627801,0.125000
1.124817,0.631468,0.175000
1.124817,0.631468,0.125000
1.122774,0.635099,0.175000
1.122774,0.635099,0.125000
1.120715,0.638720,0.175000
1.120715,0.638720,0.125000
1.118634,0.642377,0.175000
1.118634,0.642377,0.125000
1.116564,0.646014,0.175000
1.116564,0.646014,0.125000
1.114315,0.649962,0.175000
1.114315,0.649962,0.125000
1.112369,0.653379,0.175000
1.112369,0.653379,0.125000
1.110089,0.657371,0.175000
1.110089,0.657371,0.125000
1.107853,0.661287,0.175000
1.107853,0.661287,0.125000
1.105138,0.666022,0.175000
1.105138,0.666022,0.125000
1.103595,0.668741,0.175000
1.103595,0.668741,0.125000
1.101366,0.672628,0.175000
1.101366,0.672628,0.125000
1.099219,0.676373,0.175000
1.099219,0.676373,0.125000
1.096311,0.681394,0.175000
1.096311,0.681394,0.125000
1.094438,0.684679,0.175000
1.094438,0.684679,0.125000
1.091595,0.689578,0.175000
1.091595,0.689578,0.125000
1.088868,0.694280,0.175000
1.088868,0.694280,0.125000
1.085096,0.700692,0.175000
1.085096,0.700692,0.125000
1.076974,0.711405,0.175000
1.076974,0.711405,0.125000
1.070952,0.719164,0.175000
1.070952,0.719164,0.125000
1.064683,0.727254,0.175000
1.064683,0.727254,0.125000
1.060427,0.732592,0.175000
1.060427,0.732592,0.125000
1.053987,0.740870,0.175000
1.053987,0.740870,0.125000
1.049151,0.746987,0.175000
1.049151,0.746987,0.125000
1.044133,0.753340,0.175000
1.044133,0.753340,0.125000
1.040597,0.757736,0.175000
1.040597,0.757736,0.125000
1.034479,0.765480,0.175000
1.034479,0.765480,0.125000
1.029406,0.771858,0.175000
1.029406,0.771858,0.125000
1.024232,0.778360,0.175000
1.024232,0.778360,0.125000
1.019798,0.783911,0.175000
1.019798,0.783911,0.125000
1.014674,0.790328,0.175000
1.014674,0.790328,0.125000
1.009950,0.796235,0.175000
1.009950,0.796235,0.125000
1.005200,0.802171,0.175000
1.005200,0.802171,0.125000
1.000495,0.808048,0.175000
1.000495,0.808048,0.125000
0.995740,0.813884,0.175000
0.995740,0.813884,0.125000
0.990936,0.819777,0.175000
0.990936,0.819777,0.125000
0.986155,0.825638,0.175000
0.986155,0.825638,0.125000
0.980961,0.831998,0.175000
0.980961,0.831998,0.125000
0.976467,0.837501,0.175000
0.976467,0.837501,0.125000
0.971199,0.843928,0.175000
0.971199,0.843928,0.125000
0.966032,0.850229,0.175000
0.966032,0.850229,0.125000
0.959748,0.857840,0.175000
0.959748,0.857840,0.125000
0.956195,0.862222,0.175000
0.956195,0.862222,0.125000
0.951041,0.868464,0.175000
0.951041,0.868464,0.125000
0.946078,0.874479,0.175000
0.946078,0.874479,0.125000
0.939340,0.882516,0.175000
0.939340,0.882516,0.125000
0.935017,0.887800,0.175000
0.935017,0.887800,0.125000
0.928428,0.895632,0.175000
0.928428,0.895632,0.125000
0.922110,0.903152,0.175000
0.922110,0.903152,0.125000
0.913346,0.913346,0.175000
0.913346,0.913346,0.125000
0.903152,0.922110,0.175000
0.903152,0.922110,0.125000
0.895632,0.928428,0.175000
0.895632,0.928428,0.125000
0.887800,0.935017,0.175000
0.887800,0.935017,0.125000
0.882516,0.939340,0.175000
0.882516,0.939340,0.125000
0.874479,0.946078,0.175000
0.874479,0.946078,0.125000
0.868464,0.951041,0.175000
0.868464,0.951041,0.125000
0.862222,0.956195,0.175000
0.862222,0.956195,0.125000
0.857840,0.959748,0.175000
0.857840,0.959748,0.125000
0.850229,0.966032,0.175000
0.850229,0.966032,0.125000
0.843928,0.971199,0.175000
0.843928,0.971199,0.125000
0.837501,0.976467,0.175000
0.837501,0.976467,0.125000
0.831998,0.980961,0.175000
0.831998,0.980961,0.125000
0.825638,0.986155,0.175000
0.825638,0.986155,0.125000
0.819777,0.990936,0.175000
0.819777,0.990936,0.125000
0.813884,0.995740,0.175000
0.813884,0.995740,0.125000
0.808048,1.000495,0.175000
0.808048,1.000495,0.125000
0.802171,1.005200,0.175000
0.802171,1.005200,0.125000
0.796235,1.009950,0.175000
0.796235,1.009950,0.125000
0.790328,1.014674,0.175000
0.790328,1.014674,0.125000
0.783911,1.019798,0.175000
0.783911,1.019798,0.125000
0.778360,1.024232,0.175000
0.778360,1.024232,0.125000
0.771858,1.029406,0.175000
0.771858,1.029406,0.125000
0.765480,1.034479,0.175000
0.765480,1.034479,0.125000
0.757736,1.040597,0.175000
0.757736,1.040597,0.125000
0.753340,1.044133,0.175000
0.753340,1.044133,0.125000
0.746987,1.049151,0.175000
0.746987,1.049151,0.125000
0.740870,1.053987,0.175000
0.740870,1.053987,0.125000
0.732592,1.060427,0.175000
0.732592,1.060427,0.125000
0.727254,1.064683,0.175000
0.727254,1.064683,0.125000
0.719164,1.070952,0.175000
0.719164,1.070952,0.125000
0.711405,1.076974,0.175000
0.711405,1.076974,0.125000
0.700692,1.085096,0.175000
0.700692,1.085096,0.125000
0.694280,1.088868,0.175000
0.694280,1.088868,0.125000
0.689578,1.091595,0.175000
0.689578,1.091595,0.125000
0.684679,1.094438,0.175000
0.684679,1.094438,0.125000
0.681394,1.096311,0.175000
0.681394,1.096311,0.125000
0.676373,1.099219,0.175000
0.676373,1.099219,0.125000
0.672628,1.101366,0.175000
0.672628,1.101366,0.125000
0.668741,1.103595,0.175000
0.668741,1.103595,0.125000
0.666022,1.105138,0.175000
0.666022,1.105138,0.125000
0.661287,1.107853,0.175000
0.661287,1.107853,0.125000
0.657371,1.110089,0.175000
0.657371,1.110089,0.125000
0.653379,1.112369,0.175000
0.653379,1.112369,0.125000
0.649962,1.114315,0.175000
0.649962,1.114315,0.125000
0.646014,1.116564,0.175000
0.646014,1.116564,0.125000
0.642377,1.118634,0.175000
0.642377,1.118634,0.125000
0.638720,1.120715,0.175000
0.638720,1.120715,0.125000
0.635099,1.122774,0.175000
0.635099,1.122774,0.125000
0.631468,1.124817,0.175000
0.631468,1.124817,0.125000
0.627801,1.126879,0.175000
0.627801,1.126879,0.125000
0.624152,1.128930,0.175000
0.624152,1.128930,0.125000
0.620191,1.131155,0.175000
0.620191,1.131155,0.125000
0.616762,1.133081,0.175000
0.616762,1.133081,0.125000
0.612752,1.135328,0.175000
0.612752,1.135328,0.125000
0.608818,1.137532,0.175000
0.608818,1.137532,0.125000
0.604051,1.140191,0.175000
0.604051,1.140191,0.125000
0.601328,1.141728,0.175000
0.601328,1.141728,0.125000
0.597415,1.143910,0.175000
0.597415,1.143910,0.125000
0.593646,1.146014,0.175000
0.593646,1.146014,0.125000
0.588567,1.148819,0.175000
0.588567,1.148819,0.125000
0.585269,1.150669,0.175000
0.585269,1.150669,0.125000
0.580309,1.153403,0.175000
0.580309,1.153403,0.125000
0.575549,1.156029,0.175000
0.575549,1.156029,0.125000
0.569012,1.159581,0.175000
0.569012,1.159581,0.125000
0.558168,1.164045,0.175000
0.558168,1.164045,0.125000
0.550213,1.167228,0.175000
0.550213,1.167228,0.125000
0.541926,1.170550,0.175000
0.541926,1.170550,0.125000
0.536370,1.172700,0.175000
0.536370,1.172700,0.125000
0.527874,1.176091,0.175000
0.527874,1.176091,0.125000
0.521538,1.178569,0.175000
0.521538,1.178569,0.125000
0.514962,1.181144,0.175000
0.514962,1.181144,0.125000
0.510363,1.182904,0.175000
0.510363,1.182904,0.125000
0.502348,1.186041,0.175000
0.502348,1.186041,0.125000
0.495721,1.188613,0.175000
0.495721,1.188613,0.125000
0.488964,1.191235,0.175000
0.488964,1.191235,0.125000
0.483182,1.193467,0.175000
0.483182,1.193467,0.125000
0.476500,1.196047,0.175000
0.476500,1.196047,0.125000
0.470344,1.198421,0.175000
0.470344,1.198421,0.125000
0.464155,1.200805,0.175000
0.464155,1.200805,0.125000
0.458027,1.203164,0.175000
0.458027,1.203164,0.125000
0.451880,1.205477,0.175000
0.451880,1.205477,0.125000
0.445673,1.207813,0.175000
0.445673,1.207813,0.125000
0.439497,1.210134,0.175000
0.439497,1.210134,0.125000
0.432791,1.212650,0.175000
0.432791,1.212650,0.125000
0.426988,1.214828,0.175000
0.426988,1.214828,0.125000
0.420198,1.217364,0.175000
0.420198,1.217364,0.125000
0.413539,1.219850,0.175000
0.413539,1.219850,0.125000
0.405466,1.222836,0.175000
0.405466,1.222836,0.125000
0.400861,1.224580,0.175000
0.400861,1.224580,0.125000
0.394237,1.227030,0.175000
0.394237,1.227030,0.125000
0.387858,1.229393,0.175000
0.387858,1.229393,0.125000
0.379257,1.232511,0.175000
0.379257,1.232511,0.125000
0.373679,1.234599,0.175000
0.373679,1.234599,0.125000
0.365280,1.237629,0.175000
0.365280,1.237629,0.125000
0.357222,1.240542,0.175000
0.357222,1.240542,0.125000
0.346155,1.244420,0.175000
0.346155,1.244420,0.125000
0.321607,1.247682,0.175000
0.321607,1.247682,0.125000
0.303642,1.249686,0.175000
0.303642,1.249686,0.125000
0.284913,1.251801,0.175000
0.284913,1.251801,0.125000
0.272423,1.252886,0.175000
0.272423,1.252886,0.125000
0.253205,1.254995,0.175000
0.253205,1.254995,0.125000
0.238924,1.256349,0.175000
0.238924,1.256349,0.125000
0.224092,1.257767,0.175000
0.224092,1.257767,0.125000
0.213787,1.258579,0.175000
0.213787,1.258579,0.125000
0.195655,1.260313,0.175000
0.195655,1.260313,0.125000
0.180695,1.261650,0.175000
0.180695,1.261650,0.125000
0.165439,1.263008,0.175000
0.165439,1.263008,0.125000
0.152411,1.264121,0.175000
0.152411,1.264121,0.125000
0.137328,1.265413,0.175000
0.137328,1.265413,0.125000
0.123446,1.266586,0.175000
0.123446,1.266586,0.125000
0.109492,1.267755,0.175000
0.109492,1.267755,0.125000
0.095677,1.268909,0.175000
0.095677,1.268909,0.125000
0.081845,1.269840,0.175000
0.081845,1.269840,0.125000
0.067873,1.270776,0.175000
0.067873,1.270776,0.125000
0.053972,1.271698,0.175000
0.053972,1.271698,0.125000
0.038866,1.272682,0.175000
0.038866,1.272682,0.125000
0.025819,1.273536,0.175000
0.025819,1.273536,0.125000
0.010531,1.274480,0.175000
0.010531,1.274480,0.125000
-0.004460,1.275402,0.175000
-0.004460,1.275402,0.125000
-0.022648,1.276406,0.175000
-0.022648,1.276406,0.125000
-0.032957,1.277148,0.175000
-0.032957,1.277148,0.125000
-0.047834,1.277971,0.175000
-0.047834,1.277971,0.125000
-0.062157,1.278774,0.175000
-0.062157,1.278774,0.125000
-0.081474,1.279570,0.175000
-0.081474,1.279570,0.125000
-0.093986,1.280370,0.175000
-0.093986,1.280370,0.125000
-0.112820,1.281088,0.175000
-0.112820,1.281088,0.125000
-0.130882,1.281800,0.175000
-0.130882,1.281800,0.125000
-0.155642,1.282256,0.175000
-0.155642,1.282256,0.125000
-0.174918,1.277703,0.175000
-0.174918,1.277703,0.125000
-0.188938,1.274143,0.175000
-0.188938,1.274143,0.125000
-0.203555,1.270447,0.175000
-0.203555,1.270447,0.125000
-0.213240,1.267786,0.175000
-0.213240,1.267786,0.125000
-0.228216,1.263960,0.175000
-0.228216,1.263960,0.125000
-0.239306,1.260987,0.175000
-0.239306,1.260987,0.125000
-0.250824,1.257907,0.175000
-0.250824,1.257907,0.125000
-0.258804,1.255660,0.175000
-0.258804,1.255660,0.125000
-0.272864,1.251900,0.175000
-0.272864,1.251900,0.125000
-0.284451,1.248740,0.175000
-0.284451,1.248740,0.125000
-0.296265,1.245515,0.175000
-0.296265,1.245515,0.125000
-0.306351,1.242731,0.175000
-0.306351,1.242731,0.125000
-0.318018,1.239512,0.175000
-0.318018,1.239512,0.125000
-0.328758,1.236539,0.175000
-0.328758,1.236539,0.125000
-0.339550,1.233544,0.175000
-0.339550,1.233544,0.125000
-0.350236,1.230577,0.175000
-0.350236,1.230577,0.125000
-0.360882,1.227473,0.175000
-0.360882,1.227473,0.125000
-0.371635,1.224336,0.175000
-0.371635,1.224336,0.125000
-0.382330,1.221208,0.175000
-0.382330,1.221208,0.125000
-0.393944,1.217800,0.175000
-0.393944,1.217800,0.125000
-0.403984,1.214857,0.175000
-0.403984,1.214857,0.125000
-0.415726,1.211378,0.175000
-0.415726,1.211378,0.125000
-0.427240,1.207963,0.175000
-0.427240,1.207963,0.125000
-0.441173,1.203756,0.175000
-0.441173,1.203756,0.125000
-0.449141,1.201464,0.175000
-0.449141,1.201464,0.125000
-0.460554,1.198017,0.175000
-0.460554,1.198017,0.125000
-0.471547,1.194705,0.175000
-0.471547,1.194705,0.125000
-0.486294,1.190072,0.175000
-0.486294,1.190072,0.125000
-0.495928,1.187234,0.175000
-0.495928,1.187234,0.125000
-0.510301,1.182679,0.175000
-0.510301,1.182679,0.125000
-0.524094,1.178323,0.175000
-0.524094,1.178323,0.125000
-0.542879,1.172044,0.175000
-0.542879,1.172044,0.125000
-0.561732,1.160260,0.175000
-0.561732,1.160260,0.125000
-0.575332,1.151399,0.175000
-0.575332,1.151399,0.125000
-0.589521,1.142178,0.175000
-0.589521,1.142178,0.125000
-0.598823,1.135824,0.175000
-0.598823,1.135824,0.125000
-0.613348,1.126327,0.175000
-0.613348,1.126327,0.125000
-0.624036,1.119135,0.175000
-0.624036,1.119135,0.125000
-0.635142,1.111673,0.175000
-0.635142,1.111673,0.125000
-0.642778,1.106376,0.175000
-0.642778,1.106376,0.125000
-0.656345,1.097260,0.175000
-0.656345,1.097260,0.125000
-0.667493,1.089679,0.175000
-0.667493,1.089679,0.125000
-0.678860,1.081946,0.175000
-0.678860,1.081946,0.125000
-0.688546,1.075309,0.175000
-0.688546,1.075309,0.125000
-0.699757,1.067632,0.175000
-0.699757,1.067632,0.125000
-0.710070,1.060554,0.175000
-0.710070,1.060554,0.125000
-0.720431,1.053433,0.175000
-0.720431,1.053433,0.125000
-0.730687,1.046381,0.175000
-0.730687,1.046381,0.125000
-0.740840,1.039182,0.175000
-0.740840,1.039182,0.125000
-0.751094,1.031907,0.175000
-0.751094,1.031907,0.125000
-0.761290,1.024663,0.175000
-0.761290,1.024663,0.125000
-0.772359,1.016783,0.175000
-0.772359,1.016783,0.125000
-0.781926,1.009975,0.175000
-0.781926,1.009975,0.125000
-0.793101,1.001967,0.175000
-0.793101,1.001967,0.125000
-0.804058,0.994112,0.175000
-0.804058,0.994112,0.125000
-0.817289,0.984515,0.175000
-0.817289,0.984515,0.125000
-0.824892,0.979171,0.175000
-0.824892,0.979171,0.125000
-0.835722,0.971315,0.175000
-0.835722,0.971315,0.125000
-0.846156,0.963757,0.175000
-0.846156,0.963757,0.125000
-0.860074,0.953393,0.175000
-0.860074,0.953393,0.125000
-0.869244,0.946849,0.175000
-0.869244,0.946849,0.125000
-0.882788,0.936703,0.175000
-0.882788,0.936703,0.125000
-0.895791,0.926987,0.175000
-0.895791,0.926987,0.125000
-0.913346,0.913346,0.175000
-0.913346,0.913346,0.125000
-0.926987,0.895791,0.175000
-0.926987,0.895791,0.125000
-0.936703,0.882788,0.175000
-0.936703,0.882788,0.125000
-0.946849,0.869244,0.175000
-0.946849,0.869244,0.125000
-0.953393,0.860074,0.175000
-0.953393,0.860074,0.125000
-0.963757,0.846156,0.175000
-0.963757,0.846156,0.125000
-0.971315,0.835722,0.175000
-0.971315,0.835722,0.125000
-0.979171,0.824892,0.175000
-0.979171,0.824892,0.125000
-0.984515,0.817289,0.175000
-0.984515,0.817289,0.125000
-0.994112,0.804058,0.175000
-0.994112,0.804058,0.125000
-1.001967,0.793101,0.175000
-1.001967,0.793101,0.125000
-1.009975,0.781926,0.175000
-1.009975,0.781926,0.125000
-1.016783,0.772359,0.175000
-1.016783,0.772359,0.125000
-1.024663,0.761290,0.175000
-1.024663,0.761290,0.125000
-1.031907,0.751094,0.175000
-1.031907,0.751094,0.125000
-1.039182,0.740840,0.175000
-1.039182,0.740840,0.125000
-1.046381,0.730687,0.175000
-1.046381,0.730687,0.125000
-1.053433,0.720431,0.175000
-1.053433,0.720431,0.125000
-1.060554,0.710070,0.175000
-1.060554,0.710070,0.125000
-1.067632,0.699757,0.175000
-1.067632,0.699757,0.125000
-1.075309,0.688546,0.175000
-1.075309,0.688546,0.125000
-1.081946,0.678860,0.175000
-1.081946,0.678860,0.125000
-1.089679,0.667493,0.175000
-1.089679,0.667493,0.125000
-1.097260,0.656345,0.175000
-1.097260,0.656345,0.125000
-1.106376,0.642778,0.175000
-1.106376,0.642778,0.125000
-1.111673,0.635142,0.175000
-1.111673,0.635142,0.125000
-1.119135,0.624036,0.175000
-1.119135,0.624036,0.125000
-1.126327,0.613348,0.175000
-1.126327,0.613348,0.125000
-1.135824,0.598823,0.175000
-1.135824,0.598823,0.125000
-1.142178,0.589521,0.175000
-1.142178,0.589521,0.125000
-1.151399,0.575332,0.175000
-1.151399,0.575332,0.125000
-1.160260,0.561732,0.175000
-1.160260,0.561732,0.125000
-1.172044,0.542879,0.175000
-1.172044,0.542879,0.125000
-1.178323,0.524094,0.175000
-1.178323,0.524094,0.125000
-1.182679,0.510301,0.175000
-1.182679,0.510301,0.125000
-1.187234,0.495928,0.175000
-1.187234,0.495928,0.125000
-1.190072,0.486294,0.175000
-1.190072,0.486294,0.125000
-1.194705,0.471547,0.175000
-1.194705,0.471547,0.125000
-1.198017,0.460554,0.175000
-1.198017,0.460554,0.125000
-1.201464,0.449141,0.175000
-1.201464,0.449141,0.125000
-1.203756,0.441173,0.175000
-1.203756,0.441173,0.125000
-1.207963,0.427240,0.175000
-1.207963,0.427240,0.125000
-1.211378,0.415726,0.175000
-1.211378,0.415726,0.125000
-1.214857,0.403984,0.175000
-1.214857,0.403984,0.125000
-1.217800,0.393944,0.175000
-1.217800,0.393944,0.125000
-1.221208,0.382330,0.175000
-1.221208,0.382330,0.125000
-1.224336,0.371635,0.175000
-1.224336,0.371635,0.125000
-1.227473,0.360882,0.175000
-1.227473,0.360882,0.125000
-1.230577,0.350236,0.175000
-1.230577,0.350236,0.125000
-1.233544,0.339550,0.175000
-1.233544,0.339550,0.125000
-1.236539,0.328758,0.175000
-1.236539,0.328758,0.125000
-1.239512,0.318018,0.175000
-1.239512,0.318018,0.125000
-1.242731,0.306351,0.175000
-1.242731,0.306351,0.125000
-1.245515,0.296265,0.175000
-1.245515,0.296265,0.125000
-1.248740,0.284451,0.175000
-1.248740,0.284451,0.125000
-1.251900,0.272864,0.175000
-1.251900,0.272864,0.125000
-1.255660,0.258804,0.175000
-1.255660,0.258804,0.125000
-1.257907,0.250824,0.175000
-1.257907,0.250824,0.125000
-1.260987,0.239306,0.175000
-1.260987,0.239306,0.125000
-1.263960,0.228216,0.175000
-1.263960,0.228216,0.125000
-1.267786,0.213240,0.175000
-1.267786,0.213240,0.125000
-1.270447,0.203555,0.175000
-1.270447,0.203555,0.125000
-1.274143,0.188938,0.175000
-1.274143,0.188938,0.125000
-1.277703,0.174918,0.175000
-1.277703,0.174918,0.125000
-1.282256,0.155642,0.175000
-1.282256,0.155642,0.125000
-1.280917,0.126168,0.175000
-1.280917,0.126168,0.125000
-1.279401,0.104695,0.175000
-1.279401,0.104695,0.125000
-1.277855,0.082296,0.175000
-1.277855,0.082296,0.125000
-1.276368,0.067460,0.175000
-1.276368,0.067460,0.125000
-1.274698,0.044476,0.175000
-1.274698,0.044476,0.125000
-1.273157,0.027468,0.175000
-1.273157,0.027468,0.125000
-1.271573,0.009796,0.175000
-1.271573,0.009796,0.125000
-1.270231,-0.002404,0.175000
-1.270231,-0.002404,0.125000
-1.268295,-0.024046,0.175000
-1.268295,-0.024046,0.125000
-1.266567,-0.041863,0.175000
-1.266567,-0.041863,0.125000
-1.264797,-0.060034,0.175000
-1.264797,-0.060034,0.125000
-1.263220,-0.075523,0.175000
-1.263220,-0.075523,0.125000
-1.261399,-0.093476,0.175000
-1.261399,-0.093476,0.125000
-1.259700,-0.109986,0.175000
-1.259700,-0.109986,0.125000
-1.257978,-0.126581,0.175000
-1.257978,-0.126581,0.125000
-1.256269,-0.143006,0.175000
-1.256269,-0.143006,0.125000
-1.254242,-0.159395,0.175000
-1.254242,-0.159395,0.125000
-1.252191,-0.175952,0.175000
-1.252191,-0.175952,0.125000
-1.250135,-0.192421,0.175000
-1.250135,-0.192421,0.125000
-1.247875,-0.210324,0.175000
-1.247875,-0.210324,0.125000
-1.245931,-0.225772,0.175000
-1.245931,-0.225772,0.125000
-1.243571,-0.243876,0.175000
-1.243571,-0.243876,0.125000
-1.241251,-0.261625,0.175000
-1.241251,-0.261625,0.125000
-1.238273,-0.283148,0.175000
-1.238273,-0.283148,0.125000
-1.236838,-0.295338,0.175000
-1.236838,-0.295338,0.125000
-1.234410,-0.312914,0.175000
-1.234410,-0.312914,0.125000
-1.232089,-0.329834,0.175000
-1.232089,-0.329834,0.125000
-1.228550,-0.352605,0.175000
-1.228550,-0.352605,0.125000
-1.226665,-0.367395,0.175000
-1.226665,-0.367395,0.125000
-1.223137,-0.389569,0.175000
-1.223137,-0.389569,0.125000
-1.219789,-0.410833,0.175000
-1.219789,-0.410833,0.125000
-1.214468,-0.439853,0.175000
-1.214468,-0.439853,0.125000
-1.209530,-0.451033,0.175000
-1.209530,-0.451033,0.125000
-1.205838,-0.459163,0.175000
-1.205838,-0.459163,0.125000
-1.201997,-0.467638,0.175000
-1.201997,-0.467638,0.125000
-1.199363,-0.473259,0.175000
-1.199363,-0.473259,0.125000
-1.195413,-0.481936,0.175000
-1.195413,-0.481936,0.125000
-1.192430,-0.488367,0.175000
-1.192430,-0.488367,0.125000
-1.189335,-0.495045,0.175000
-1.189335,-0.495045,0.125000
-1.187140,-0.499682,0.175000
-1.187140,-0.499682,0.125000
-1.183368,-0.507821,0.175000
-1.183368,-0.507821,0.125000
-1.180232,-0.514533,0.175000
-1.180232,-0.514533,0.125000
-1.177034,-0.521376,0.175000
-1.177034,-0.521376,0.125000
-1.174289,-0.527223,0.175000
-1.174289,-0.527223,0.125000
-1.171117,-0.533980,0.175000
-1.171117,-0.533980,0.125000
-1.168192,-0.540203,0.175000
-1.168192,-0.540203,0.125000
-1.165249,-0.546457,0.175000
-1.165249,-0.546457,0.125000
-1.162335,-0.552649,0.175000
-1.162335,-0.552649,0.125000
-1.159372,-0.558819,0.175000
-1.159372,-0.558819,0.125000
-1.156379,-0.565048,0.175000
-1.156379,-0.565048,0.125000
-1.153399,-0.571245,0.175000
-1.153399,-0.571245,0.125000
-1.150160,-0.577971,0.175000
-1.150160,-0.577971,0.125000
-1.147358,-0.583790,0.175000
-1.147358,-0.583790,0.125000
-1.144070,-0.590590,0.175000
-1.144070,-0.590590,0.125000
-1.140843,-0.597259,0.175000
-1.140843,-0.597259,0.125000
-1.136912,-0.605323,0.175000
-1.136912,-0.605323,0.125000
-1.134700,-0.609953,0.175000
-1.134700,-0.609953,0.125000
-1.131475,-0.616568,0.175000
-1.131475,-0.616568,0.125000
-1.128370,-0.622941,0.175000
-1.128370,-0.622941,0.125000
-1.124134,-0.631482,0.175000
-1.124134,-0.631482,0.125000
-1.121436,-0.637073,0.175000
-1.121436,-0.637073,0.125000
-1.117288,-0.645402,0.175000
-1.117288,-0.645402,0.125000
