2.0200114483820229e+01, -2.1292671857720350e+01
2.0625592932284306e+01, -2.0880790602649693e+01
2.1051392234234832e+01, -2.0451439680384301e+01
2.1473991761762235e+01, -2.0007253130196759e+01
2.1890156063592212e+01, -1.9551050291776583e+01
2.2296919816206081e+01, -1.9085855147456098e+01
2.2691572396734884e+01, -1.8614914508633646e+01
2.3071641826671701e+01, -1.8141715558947915e+01
2.3434877646476235e+01, -1.7670003103980733e+01
1.9457073796876475e+01, -2.1973729298025471e+01
1.9890772357855706e+01, -2.1581929362500553e+01
2.3604640608179501e+01, -1.7442575548315205e+01
2.3951746401411366e+01, -1.6962792939916397e+01
2.4279025530983734e+01, -1.6490949616860757e+01
1.8407242174475147e+01, -2.2860357292269594e+01
1.8833878698619049e+01, -2.2510164663229450e+01
2.4487512236101889e+01, -1.6179747973524194e+01
2.4790175182705703e+01, -1.5712088162009604e+01
1.7622407845975285e+01, -2.3470688990954415e+01
1.8052551852307381e+01, -2.3141475139233314e+01
2.5246374930156097e+01, -1.4968067773964208e+01
2.5512291311940778e+01, -1.4510185802210499e+01
1.6815060673589127e+01, -2.4055690273686110e+01
1.7248515862741783e+01, -2.3746814534432723e+01
2.5683010125222005e+01, -1.4205825949509023e+01
2.5933182831575149e+01, -1.3743817818353676e+01
1.5984588808308621e+01, -2.4615349289199507e+01
2.6099468867588289e+01, -1.3425357530799308e+01
2.6334454568398755e+01, -1.2958356476997459e+01
1.5129972995388368e+01, -2.5149680259574254e+01
2.6715468644176571e+01, -1.2153445401285126e+01
1.4250025308241126e+01, -2.5658512792336339e+01
2.7075466151223385e+01, -1.1328796612789763e+01
2.7264653800788476e+01, -1.0865594927253207e+01
1.3154745125824425e+01, -2.6236904937027131e+01
1.3607552931090980e+01, -2.6004941900099631e+01
2.7408313948180481e+01, -1.0497943918595453e+01
2.7586689618313791e+01, -1.0019833127493598e+01
1.2213149705139546e+01, -2.6688227259970823e+01
1.2674206583842722e+01, -2.6472381597999032e+01
2.7889808744152067e+01, -9.1422682204483063e+00
1.1505926256053860e+01, -2.7000669639663577e+01
2.8167628265661758e+01, -8.2466488883359705e+00
2.8421012290627370e+01, -7.3258829076096967e+00
2.8546920918788842e+01, -6.8187833266951676e+00
1.0290864311747294e+01, -2.7486735195675859e+01
1.0785151504827411e+01, -2.7296575005262454e+01
2.8647364243643644e+01, -6.3836527076594516e+00
2.8758768392464759e+01, -5.8613770181221110e+00
9.2554198120893645e+00, -2.7852463160409773e+01
9.7627922426265439e+00, -2.7678699167903666e+01
2.8942254547189357e+01, -4.8752847840610354e+00
7.9515402234440531e+00, -2.8252354027141727e+01
8.4725960598432160e+00, -2.8100491383723689e+01
2.9094091333764236e+01, -3.8673439803804559e+00
7.1318844782852509e+00, -2.8470313025823828e+01
2.9212300885645465e+01, -2.8397142402919981e+00
2.9262572456890616e+01, -2.2637034269592098e+00
5.7390998587516346e+00, -2.8783419407903519e+01
6.3064428725634265e+00, -2.8664460195424823e+01
2.9296208283950495e+01, -1.7761419378502108e+00
2.9326653625481349e+01, -1.1704217748493921e+00
4.5960015141150015e+00, -2.8987915932026791e+01
5.1939003839252091e+00, -2.8886777231146112e+01
2.9349881736031371e+01, -8.3319151292701177e-02
2.8499999999999903e+00, -2.9211299183706295e+01
3.7226952878183242e+00, -2.9112953127329000e+01
2.9332451934249914e+01, 1.0147726469109553e+00
2.9302865140809590e+01, 1.6627069914829300e+00
2.9212946121672804e+01, 2.8330688117731739e+00
3.0690312913123047e-01, -2.9211299183706295e+01
1.0175027864102852e+00, -2.9211299183706295e+01
2.9080266183640951e+01, 3.9699645701931234e+00
2.8976021417029262e+01, 4.6704049974131721e+00
-1.4026687514682090e+00, -2.9211299183706299e+01
-6.6206296944818832e-01, -2.9211299183706295e+01
2.8894579731177089e+01, 5.1503167046940108e+00
2.8754522958030901e+01, 5.8821687714714539e+00
-2.8500000000000010e+00, -2.9211299183706295e+01
2.8480303355723443e+01, 7.0918841478106520e+00
2.8171403440152634e+01, 8.2337432685356760e+00
2.7930561059863109e+01, 9.0169983298910790e+00
-5.7161286409088934e+00, -2.8787990088934333e+01
-4.9098875891699816e+00, -2.8936404473633459e+01
2.7510459553579146e+01, 1.0227273104346336e+01
2.7195377609311151e+01, 1.1037841124376525e+01
-7.0654470404486984e+00, -2.8486873435296737e+01
2.6672016385177567e+01, 1.2248511825883966e+01
-9.2773580402527553e+00, -2.7845163454233081e+01
-8.4051549075567973e+00, -2.8120737383290180e+01
2.6098707307969178e+01, 1.3426837932028388e+01
2.5641324466920683e+01, 1.4280930627311893e+01
-1.0625232444052703e+01, -2.7359220301570183e+01
2.4964241171633976e+01, 1.5434026134631724e+01
-1.2868971439944614e+01, -2.6378250019246728e+01
-1.1944056489280428e+01, -2.6809737309061390e+01
2.4246386557849345e+01, 1.6538900776271163e+01
2.3625999831090116e+01, 1.7413633508872575e+01
-1.5111048601113573e+01, -2.5161055426487646e+01
-1.4165428365319968e+01, -2.5705313443469009e+01
2.2813223619306015e+01, 1.8465625580941964e+01
2.2078558840364042e+01, 1.9338038668194425e+01
-1.6363841749949575e+01, -2.4364876014102911e+01
2.1072418180196316e+01, 2.0429774644839625e+01
2.0201381068868034e+01, 2.1291470191378991e+01
-1.9057009170546156e+01, -2.2321579278216852e+01
-1.8099090485858778e+01, -2.3105095186661671e+01
1.9217926684342032e+01, 2.2183187191097105e+01
1.8217836225271849e+01, 2.3011582806690484e+01
-2.0161606044611300e+01, -2.1329138325349504e+01
1.7177462255576593e+01, 2.3798262341150910e+01
1.6047474179226160e+01, 2.4574398720356715e+01
-2.2989923581957960e+01, -1.8245161377629234e+01
-2.2094956104741371e+01, -1.9319301610812754e+01
-2.1185124544636910e+01, -2.0312877640261185e+01
1.4783189184870135e+01, 2.5355074788379916e+01
1.3505917910021248e+01, 2.6057871774336586e+01
-2.4362257001952191e+01, -1.6367740643437376e+01
-2.3516745586271327e+01, -1.7560899095165610e+01
1.2412065089908747e+01, 2.6596299370473869e+01
1.1016958289851640e+01, 2.7203844030571659e+01
9.5361439049064050e+00, 2.7757601831298690e+01
-2.6584348892771391e+01, -1.2437640208150617e+01
-2.5870307452164408e+01, -1.3861806964840010e+01
-2.5111267983944888e+01, -1.5193640782857297e+01
8.4417527187535253e+00, 2.8109772518386155e+01
6.8623291708806713e+00, 2.8536484337606836e+01
5.1999161155285449e+00, 2.8885694943889906e+01
-2.7711581784180112e+01, -9.6690607102601778e+00
-2.7122452209681846e+01, -1.1215840857177158e+01
3.8445657937991102e+00, 2.9097110060230207e+01
2.0914377628076775e+00, 2.9275388777679829e+01
-2.9083352926390699e+01, -3.9472880005139879e+00
-2.8783391936450844e+01, -5.7392376351442822e+00
-2.8389143209237023e+01, -7.4484258635923579e+00
8.0705317099490004e-01, 2.9338901908203503e+01
-1.0037207908272998e+00, 2.9332832194898280e+01
-2.8682832623858059e+00, 2.9209509600928214e+01
-4.7785399674105236e+00, 2.8958384895913316e+01
-2.9268279235818589e+01, 2.1886823831133624e+00
-2.9349026650866161e+01, 2.3902854797683290e-01
-2.9303366448808436e+01, -1.6538484715499722e+00
-7.3540314422124631e+00, 2.8413741773074353e+01
-9.2426420787635237e+00, 2.7856705968291905e+01
-1.1131450970540767e+01, 2.7157196086681097e+01
-1.3005087898641246e+01, 2.6311407958309932e+01
-1.4846809733659155e+01, 2.5317873937843281e+01
-2.7255839151613216e+01, 1.0887687180544280e+01
-2.7957390543864161e+01, 8.9334659554875380e+00
-2.8509743227206965e+01, 6.9725921377007696e+00
-2.8917364223470592e+01, 5.0208113255870312e+00
-2.9186665091720243e+01, 3.0920997435010191e+00
-1.3772536582659416e+01, 2.5917942358129206e+01
-1.5529029739809921e+01, 2.4905255175165323e+01
-1.7232106543666138e+01, 2.3758724798855237e+01
-1.8866101294542293e+01, 2.2483165300821632e+01
-2.0415822697676369e+01, 2.1085935681800851e+01
-2.1867101654356492e+01, 1.9576832359655114e+01
-2.3207310747621715e+01, 1.7967838708740732e+01
-2.4425811404310572e+01, 1.6272745227559227e+01
-2.5514291230121380e+01, 1.4506668915521276e+01
-2.6466966099419437e+01, 1.2685511636988968e+01
