2.0548761409291501e+01, -2.1096229628632994e+01
2.1003618606173081e+01, -2.0643413124927289e+01
2.1456946874220840e+01, -2.0171810301429684e+01
2.1904174306013662e+01, -1.9685264742232224e+01
2.2341134634524842e+01, -1.9187918158102370e+01
2.2764042899308610e+01, -1.8684240709176208e+01
2.3169469164840415e+01, -1.8179059343637924e+01
1.9436643667092238e+01, -2.2125084925452459e+01
1.9888407094464192e+01, -2.1719893260439068e+01
2.0346444397392318e+01, -2.1291423164829137e+01
2.3402983502235614e+01, -1.7877440062662430e+01
2.3781129131749914e+01, -1.7371252033720417e+01
2.4137394461815610e+01, -1.6872720248813266e+01
1.8616090153689779e+01, -2.2819809100640931e+01
1.9072327663397985e+01, -2.2439893437803665e+01
2.4313764398937241e+01, -1.6617561817335663e+01
2.4650953805903391e+01, -1.6113130560484432e+01
2.4964356016898925e+01, -1.5623169609958232e+01
1.7487597914941126e+01, -2.3695704656442416e+01
1.7929749648884336e+01, -2.3362931698062468e+01
2.5170235300524247e+01, -1.5289269273455918e+01
2.5458415496843511e+01, -1.4804444616063053e+01
1.6621969319835681e+01, -2.4310751447259740e+01
1.7066256771852402e+01, -2.4000945393821517e+01
2.5907412041682949e+01, -1.4003874510379669e+01
1.5728583572310256e+01, -2.4898075403710472e+01
1.6175758346179194e+01, -2.4609903330285846e+01
2.6335525962757917e+01, -1.3181144573401204e+01
2.6568457234385694e+01, -1.2705100557831821e+01
1.5074091618388808e+01, -2.5299688968056909e+01
2.6732752962188762e+01, -1.2355663440810778e+01
2.6954268295605157e+01, -1.1864650043239150e+01
1.4117889354334721e+01, -2.5845458018359096e+01
2.7118754872685116e+01, -1.1483711688962643e+01
2.7325109714026869e+01, -1.0983664193537345e+01
1.3129845846762993e+01, -2.6361138974639179e+01
2.7671822415986703e+01, -1.0078330426121980e+01
2.8153148727597532e+01, -8.6430733377528242e+00
1.1900057233331815e+01, -2.6938655086017700e+01
1.2388880865939107e+01, -2.6717375074837872e+01
2.7991913790257147e+01, -9.1517901177207843e+00
2.8286643356371137e+01, -8.1956273481329518e+00
2.8434808405208759e+01, -7.6657792140831624e+00
1.1113130049679317e+01, -2.7272712378839671e+01
2.8685365815704277e+01, -6.6672549088230415e+00
1.0014636753033598e+01, -2.7694937275696958e+01
2.8905954351942167e+01, -5.6345632486853718e+00
8.6361318253803336e+00, -2.8155278849527548e+01
9.1797907226280024e+00, -2.7982743651914355e+01
2.9092405727888991e+01, -4.5754157148713794e+00
2.9177518427252267e+01, -3.9968635737731155e+00
7.7562198675367426e+00, -2.8410271969244299e+01
2.9242211644026231e+01, -3.4922139347378178e+00
2.9308276794140042e+01, -2.8857254474520611e+00
6.2712444149869357e+00, -2.8774537241934841e+01
6.8661935569467314e+00, -2.8638398803678658e+01
2.9399403900728846e+01, -1.7255579624601507e+00
5.0444805582039320e+00, -2.9014749971314636e+01
2.9444467410689310e+01, -5.7082300308882594e-01
2.9449872177183881e+01, 8.6768355583708670e-02
2.9500000000000064e+00, -2.9301877072979476e+01
4.0925737276477285e+00, -2.9164247637883062e+01
2.9443928862457181e+01, 5.9795747554589740e-01
2.9421858500652174e+01, 1.2871450452849302e+00
2.9340175634078321e+01, 2.5409828337548674e+00
4.0961774432095110e-01, -2.9301877072979472e+01
1.1661515595978762e+00, -2.9301877072979476e+01
2.9202927976834918e+01, 3.8067699667556072e+00
2.9094297290104706e+01, 4.5633721297967922e+00
-1.0600452745974152e+00, -2.9301877072979472e+01
-2.6041876144495069e-01, -2.9301877072979476e+01
2.8870870057415527e+01, 5.8116574337987199e+00
-2.9500000000000175e+00, -2.9301877072979472e+01
2.8577985697732792e+01, 7.1134543971392796e+00
2.8361047049399652e+01, 7.9343248144841763e+00
2.8224823034304261e+01, 8.4060611871558457e+00
2.7956092990479000e+01, 9.2606352216082310e+00
-5.7704849194868428e+00, -2.8879127476327522e+01
2.7489076480853210e+01, 1.0566606561701967e+01
2.7131660013220966e+01, 1.1453188417510070e+01
-8.1612438806272571e+00, -2.8296582802892019e+01
-7.2397157846348881e+00, -2.8546260969831206e+01
2.6543613280906591e+01, 1.2756923374923884e+01
-9.6531055956831029e+00, -2.7823012999288768e+01
-8.6979999147393308e+00, -2.8136227492028755e+01
2.5898810365206813e+01, 1.4019776091901619e+01
2.5370288707205031e+01, 1.4954964089327161e+01
-1.2110917176361772e+01, -2.6844518716998927e+01
-1.1118976617047913e+01, -2.7270329279081722e+01
2.4605544260901461e+01, 1.6182388316463658e+01
2.3953982950352181e+01, 1.7132110226537687e+01
-1.3561842571995866e+01, -2.6141517286729947e+01
2.3072880271626310e+01, 1.8301494364428216e+01
-1.5992321070329316e+01, -2.4729499929911665e+01
-1.4959389112757561e+01, -2.5367679779063568e+01
2.2158845137132413e+01, 1.9398146359603107e+01
2.1297070263286827e+01, 2.0340533380435826e+01
-1.8367152353924709e+01, -2.3020647567080253e+01
-1.7329589136675345e+01, -2.3811506469646648e+01
2.0155916978537750e+01, 2.1471877206110644e+01
1.9129935581221229e+01, 2.2390803126693029e+01
-2.0205227193308296e+01, -2.1425482353188574e+01
-1.9174319769765717e+01, -2.2352806565770926e+01
1.8038099596402578e+01, 2.3279378491494601e+01
1.6860821190662485e+01, 2.4145707874827508e+01
-2.2339038614714639e+01, -1.9190358354399965e+01
-2.1346664343433350e+01, -2.0288480017211526e+01
1.5720508022745740e+01, 2.4903175048711898e+01
1.4395068131603903e+01, 2.5692109946177673e+01
1.2971721482457623e+01, 2.6439306756826053e+01
-2.4264098839636095e+01, -1.6689997228890441e+01
-2.3339540750777726e+01, -1.7960187569810788e+01
1.1509792450856459e+01, 2.7107695913489362e+01
9.9185711383380539e+00, 2.7729486951145120e+01
-2.6408301940116601e+01, -1.3034726258714985e+01
-2.5607346416724937e+01, -1.4545319160948127e+01
8.7444866290485326e+00, 2.8121814550174239e+01
7.0360215060586428e+00, 2.8597148483131679e+01
5.2295009146367804e+00, 2.8981974056019947e+01
-2.8265216610623241e+01, -8.2692218469786098e+00
-2.7687176700146818e+01, -1.0036072258351231e+01
-2.7028467296773183e+01, -1.1694633623472891e+01
3.7663266478769621e+00, 2.9208171520680512e+01
1.8540432606309285e+00, 2.9391580828320706e+01
-1.4028083654099921e-01, 2.9449665894317029e+01
-2.9200435773145752e+01, -3.8258398631398389e+00
-2.8878433738451303e+01, -5.7739557336264449e+00
-1.0751783554253715e+00, 2.9430366825848861e+01
-3.0846865432650032e+00, 2.9288004522838360e+01
-5.1449809358524048e+00, 2.8997097633551459e+01
-7.2428490678451141e+00, 2.8545466144037920e+01
-2.9230584090106696e+01, 3.5882382517332645e+00
-2.9413833456534089e+01, 1.4590755262412054e+00
-2.9443633403632855e+01, -6.1233323646164106e-01
-2.9333697102257506e+01, -2.6147111337602169e+00
-8.3495218934258251e+00, 2.8241600240623814e+01
-1.0388483045077226e+01, 2.7556885165456258e+01
-1.2416699269551293e+01, 2.6704458040737777e+01
-1.4414022500804291e+01, 2.5681480785700572e+01
-1.6358887571651287e+01, 2.4488554416667252e+01
-1.8229066199765569e+01, 2.3130145816327332e+01
-2.0002574762345642e+01, 2.1614798238169456e+01
-2.1658662161040802e+01, 1.9955070869177579e+01
-2.3178781660171630e+01, 1.8167184172295155e+01
-2.4547443342025964e+01, 1.6270387990764856e+01
-2.5752855383479968e+01, 1.4286110023290703e+01
-2.6787291261272845e+01, 1.2236973763301757e+01
-2.7647159803340003e+01, 1.0145790004163354e+01
-2.8332796392219784e+01, 8.0346218701951333e+00
-2.8848027530556397e+01, 5.9240026668005834e+00
