107,393,402,403
107,116,117,403
107,116,402,403
107,393,394,403
107,108,117,403
107,108,394,403
94,380,393,394
94,107,108,394
94,107,393,394
94,380,381,394
94,95,108,394
94,95,381,394
116,402,403,411
116,117,125,411
116,117,403,411
117,403,411,412
117,125,126,412
117,125,411,412
94,380,393,398
94,107,112,398
94,107,393,398
107,393,402,407
107,116,121,407
107,116,402,407
116,402,407,411
116,121,125,411
116,121,407,411
107,393,398,407
107,112,121,407
107,112,398,407
108,394,403,404
108,117,118,404
108,117,403,404
108,394,395,404
108,109,118,404
108,109,395,404
95,381,394,395
95,108,109,395
95,108,394,395
117,403,404,412
117,118,126,412
117,118,404,412
83,369,380,381
83,94,95,381
83,94,380,381
94,380,387,398
94,101,112,398
94,101,387,398
83,369,370,381
83,84,95,381
83,84,370,381
84,370,381,382
84,95,96,382
84,95,381,382
125,411,416,420
125,130,134,420
125,130,416,420
125,411,412,420
125,126,134,420
125,126,412,420
83,369,380,387
83,94,101,387
83,94,380,387
126,412,420,421
126,134,135,421
126,134,420,421
118,404,412,413
118,126,127,413
118,126,412,413
121,407,411,416
121,125,130,416
121,125,411,416
95,381,382,395
95,96,109,395
95,96,382,395
126,412,413,421
126,127,135,421
126,127,413,421
72,358,369,375
72,83,89,375
72,83,369,375
83,369,375,387
83,89,101,387
83,89,375,387
72,358,359,370
72,73,84,370
72,73,359,370
72,358,369,370
72,83,84,370
72,83,369,370
73,359,370,371
73,84,85,371
73,84,370,371
84,370,371,382
84,85,96,382
84,85,371,382
130,416,420,426
130,134,140,426
130,134,420,426
134,420,421,431
134,135,145,431
134,135,421,431
134,420,426,431
134,140,145,431
134,140,426,431
127,413,421,422
127,135,136,422
127,135,421,422
135,421,431,432
135,145,146,432
135,145,431,432
135,421,422,432
135,136,146,432
135,136,422,432
72,358,364,375
72,78,89,375
72,78,364,375
60,346,358,364
60,72,78,364
60,72,358,364
60,346,347,359
60,61,73,359
60,61,347,359
60,346,358,359
60,72,73,359
60,72,358,359
101,387,398,399
101,112,113,399
101,112,398,399
112,398,407,408
112,121,122,408
112,121,407,408
121,407,408,416
121,122,130,416
121,122,408,416
130,416,417,426
130,131,140,426
130,131,417,426
101,387,388,399
101,102,113,399
101,102,388,399
89,375,387,388
89,101,102,388
89,101,387,388
61,347,359,360
61,73,74,360
61,73,359,360
73,359,360,371
73,74,85,371
73,74,360,371
112,398,399,408
112,113,122,408
112,113,399,408
140,426,427,436
140,141,150,436
140,141,427,436
140,426,431,436
140,145,150,436
140,145,431,436
145,431,432,440
145,146,154,440
145,146,432,440
89,375,376,388
89,90,102,388
89,90,376,388
145,431,436,440
145,150,154,440
145,150,436,440
136,422,432,433
136,146,147,433
136,146,432,433
60,346,353,364
60,67,78,364
60,67,353,364
78,364,375,376
78,89,90,376
78,89,375,376
48,334,346,353
48,60,67,353
48,60,346,353
146,432,440,441
146,154,155,441
146,154,440,441
122,408,416,417
122,130,131,417
122,130,416,417
146,432,433,441
146,147,155,441
146,147,433,441
78,364,365,376
78,79,90,376
78,79,365,376
109,395,396,405
109,110,119,405
109,110,396,405
96,382,395,396
96,109,110,396
96,109,395,396
85,371,382,383
85,96,97,383
85,96,382,383
74,360,371,372
74,85,86,372
74,85,371,372
109,395,404,405
109,118,119,405
109,118,404,405
118,404,405,413
118,119,127,413
118,119,405,413
119,405,413,414
119,127,128,414
119,127,413,414
48,334,335,347
48,49,61,347
48,49,335,347
48,334,346,347
48,60,61,347
48,60,346,347
61,347,348,360
61,62,74,360
61,62,348,360
62,348,360,361
62,74,75,361
62,74,360,361
49,335,347,348
49,61,62,348
49,61,347,348
127,413,414,422
127,128,136,422
127,128,414,422
96,382,383,396
96,97,110,396
96,97,383,396
150,436,437,445
150,151,159,445
150,151,437,445
150,436,440,445
150,154,159,445
150,154,440,445
154,440,441,449
154,155,163,449
154,155,441,449
48,334,341,353
48,55,67,353
48,55,341,353
67,353,364,365
67,78,79,365
67,78,364,365
36,322,334,341
36,48,55,341
36,48,334,341
67,353,354,365
67,68,79,365
67,68,354,365
131,417,426,427
131,140,141,427
131,140,426,427
36,322,323,335
36,37,49,335
36,37,323,335
36,322,334,335
36,48,49,335
36,48,334,335
154,440,445,449
154,159,163,449
154,159,445,449
147,433,441,442
147,155,156,442
147,155,441,442
85,371,372,383
85,86,97,383
85,86,372,383
49,335,336,348
49,50,62,348
49,50,336,348
37,323,335,336
37,49,50,336
37,49,335,336
50,336,348,349
50,62,63,349
50,62,348,349
128,414,422,423
128,136,137,423
128,136,422,423
155,441,449,450
155,163,164,450
155,163,449,450
155,441,442,450
155,156,164,450
155,156,442,450
136,422,423,433
136,137,147,433
136,137,423,433
55,341,342,354
55,56,68,354
55,56,342,354
55,341,353,354
55,67,68,354
55,67,353,354
36,322,329,341
36,43,55,341
36,43,329,341
24,310,322,323
24,36,37,323
24,36,322,323
24,310,322,329
24,36,43,329
24,36,322,329
24,310,311,323
24,25,37,323
24,25,311,323
43,329,341,342
43,55,56,342
43,55,341,342
74,360,361,372
74,75,86,372
74,75,361,372
25,311,323,324
25,37,38,324
25,37,323,324
37,323,324,336
37,38,50,336
37,38,324,336
38,324,336,337
38,50,51,337
38,50,336,337
163,449,450,463
163,164,177,463
163,164,450,463
159,445,449,457
159,163,171,457
159,163,449,457
159,445,446,457
159,160,171,457
159,160,446,457
141,427,436,437
141,150,151,437
141,150,436,437
43,329,330,342
43,44,56,342
43,44,330,342
24,310,317,329
24,31,43,329
24,31,317,329
12,298,310,311
12,24,25,311
12,24,310,311
12,298,310,317
12,24,31,317
12,24,310,317
12,298,299,311
12,13,25,311
12,13,299,311
31,317,329,330
31,43,44,330
31,43,329,330
25,311,312,324
25,26,38,324
25,26,312,324
13,299,311,312
13,25,26,312
13,25,311,312
26,312,324,325
26,38,39,325
26,38,324,325
62,348,349,361
62,63,75,361
62,63,349,361
137,423,433,434
137,147,148,434
137,147,433,434
163,449,457,463
163,171,177,463
163,171,457,463
156,442,450,451
156,164,165,451
156,164,450,451
31,317,318,330
31,32,44,330
31,32,318,330
12,298,305,317
12,19,31,317
12,19,305,317
0,286,298,299
0,12,13,299
0,12,298,299
0,286,298,305
0,12,19,305
0,12,298,305
164,450,463,464
164,177,178,464
164,177,463,464
147,433,434,442
147,148,156,442
147,148,434,442
1,287,299,300
1,13,14,300
1,13,299,300
0,286,287,299
0,1,13,299
0,1,287,299
19,305,317,318
19,31,32,318
19,31,317,318
13,299,300,312
13,14,26,312
13,14,300,312
164,450,451,464
164,165,178,464
164,165,451,464
14,300,312,313
14,26,27,313
14,26,312,313
50,336,337,349
50,51,63,349
50,51,337,349
0,286,293,305
0,7,19,305
0,7,293,305
19,305,306,318
19,20,32,318
19,20,306,318
0,286,551,553
0,265,267,553
0,265,551,553
0,286,293,555
0,7,269,555
0,7,293,555
2,288,300,301
2,14,15,301
2,14,300,301
1,287,288,300
1,2,14,300
1,2,288,300
7,293,305,306
7,19,20,306
7,19,305,306
38,324,325,337
38,39,51,337
38,39,325,337
7,293,294,306
7,8,20,306
7,8,294,306
1,287,549,551
1,263,265,551
1,263,549,551
0,286,287,551
0,1,265,551
0,1,287,551
1,287,288,549
1,2,263,549
1,2,288,549
151,437,445,446
151,159,160,446
151,159,445,446
171,457,463,469
171,177,183,469
171,177,463,469
265,551,553,570
265,267,284,570
265,267,553,570
273,559,561,570
273,275,284,570
273,275,561,570
0,286,553,555
0,267,269,555
0,267,553,555
177,463,464,474
177,178,188,474
177,178,464,474
171,457,458,469
171,172,183,469
171,172,458,469
2,288,547,549
2,261,263,549
2,261,547,549
7,293,555,557
7,269,271,557
7,269,555,557
7,293,294,557
7,8,271,557
7,8,294,557
26,312,313,325
26,27,39,325
26,27,313,325
263,549,551,570
263,265,284,570
263,265,551,570
271,557,559,570
271,273,284,570
271,273,559,570
2,288,545,547
2,259,261,547
2,259,545,547
14,300,301,313
14,15,27,313
14,15,301,313
261,547,549,570
261,263,284,570
261,263,549,570
269,555,557,570
269,271,284,570
269,271,557,570
8,294,557,559
8,271,273,559
8,271,557,559
2,288,289,301
2,3,15,301
2,3,289,301
2,288,289,545
2,3,259,545
2,3,289,545
177,463,469,474
177,183,188,474
177,183,469,474
165,451,464,465
165,178,179,465
165,178,464,465
259,545,547,570
259,261,284,570
259,261,547,570
267,553,555,570
267,269,284,570
267,269,555,570
8,294,559,561
8,273,275,561
8,273,559,561
8,294,306,307
8,20,21,307
8,20,306,307
20,306,318,319
20,32,33,319
20,32,318,319
32,318,330,331
32,44,45,331
32,44,330,331
51,337,349,350
51,63,64,350
51,63,349,350
39,325,326,338
39,40,52,338
39,40,326,338
15,301,313,314
15,27,28,314
15,27,313,314
75,361,372,385
75,86,99,385
75,86,372,385
86,372,385,386
86,99,100,386
86,99,385,386
86,372,383,386
86,97,100,386
86,97,383,386
257,543,545,570
257,259,284,570
257,259,545,570
148,434,442,443
148,156,157,443
148,156,442,443
4,290,541,543
4,255,257,543
4,255,541,543
3,289,543,545
3,257,259,545
3,257,543,545
4,290,539,541
4,253,255,541
4,253,539,541
275,561,563,570
275,277,284,570
275,277,563,570
9,295,561,563
9,275,277,563
9,275,561,563
8,294,295,561
8,9,275,561
8,9,295,561
44,330,342,343
44,56,57,343
44,56,342,343
56,342,354,355
56,68,69,355
56,68,354,355
178,464,474,475
178,188,189,475
178,188,474,475
156,442,443,451
156,157,165,451
156,157,443,451
277,563,565,570
277,279,284,570
277,279,565,570
9,295,307,308
9,21,22,308
9,21,307,308
8,294,295,307
8,9,21,307
8,9,295,307
255,541,543,570
255,257,284,570
255,257,543,570
3,289,290,543
3,4,257,543
3,4,290,543
3,289,290,302
3,4,16,302
3,4,290,302
9,295,296,563
9,10,277,563
9,10,296,563
21,307,319,320
21,33,34,320
21,33,319,320
20,306,307,319
20,21,33,319
20,21,307,319
68,354,365,366
68,79,80,366
68,79,365,366
178,464,465,475
178,179,189,475
178,179,465,475
32,318,319,331
32,33,45,331
32,33,319,331
79,365,376,377
79,90,91,377
79,90,376,377
279,565,567,570
279,281,284,570
279,281,567,570
33,319,331,332
33,45,46,332
33,45,331,332
3,289,301,302
3,15,16,302
3,15,301,302
253,539,541,570
253,255,284,570
253,255,541,570
15,301,302,314
15,16,28,314
15,16,302,314
27,313,314,326
27,28,40,326
27,28,314,326
44,330,331,343
44,45,57,343
44,45,331,343
251,537,539,570
251,253,284,570
251,253,539,570
281,567,569,570
281,283,284,570
281,283,569,570
10,296,563,565
10,277,279,565
10,277,563,565
5,291,537,539
5,251,253,539
5,251,537,539
56,342,343,355
56,57,69,355
56,57,343,355
90,376,388,389
90,102,103,389
90,102,388,389
249,535,569,570
249,283,284,570
249,283,569,570
10,296,565,567
10,279,281,567
10,279,565,567
45,331,343,344
45,57,58,344
45,57,343,344
6,292,535,537
6,249,251,537
6,249,535,537
249,535,537,570
249,251,284,570
249,251,537,570
160,446,457,458
160,171,172,458
160,171,457,458
183,469,474,481
183,188,195,481
183,188,474,481
188,474,475,486
188,189,200,486
188,189,475,486
27,313,325,326
27,39,40,326
27,39,325,326
4,290,291,539
4,5,253,539
4,5,291,539
68,354,355,366
68,69,80,366
68,69,355,366
102,388,399,400
102,113,114,400
102,113,399,400
183,469,470,481
183,184,195,481
183,184,470,481
179,465,475,476
179,189,190,476
179,189,475,476
79,365,366,377
79,80,91,377
79,80,366,377
113,399,408,409
113,122,123,409
113,122,408,409
6,292,297,569
6,11,283,569
6,11,297,569
10,296,308,309
10,22,23,309
10,22,308,309
10,296,297,567
10,11,281,567
10,11,297,567
90,376,377,389
90,91,103,389
90,91,377,389
122,408,409,417
122,123,131,417
122,123,409,417
131,417,418,427
131,132,141,427
131,132,418,427
39,325,337,338
39,51,52,338
39,51,337,338
4,290,291,303
4,5,17,303
4,5,291,303
4,290,302,303
4,16,17,303
4,16,302,303
195,481,486,493
195,200,207,493
195,200,486,493
188,474,481,486
188,195,200,486
188,195,481,486
11,297,567,569
11,281,283,569
11,281,567,569
9,295,296,308
9,10,22,308
9,10,296,308
57,343,355,356
57,69,70,356
57,69,355,356
102,388,389,400
102,103,114,400
102,103,389,400
141,427,428,437
141,142,151,437
141,142,428,437
5,291,292,537
5,6,251,537
5,6,292,537
6,292,535,569
6,249,283,569
6,249,535,569
98,384,386,397
98,100,111,397
98,100,386,397
97,383,386,396
97,100,110,396
97,100,386,396
189,475,486,487
189,200,201,487
189,200,486,487
51,337,338,350
51,52,64,350
51,52,338,350
5,291,292,304
5,6,18,304
5,6,292,304
16,302,303,315
16,17,29,315
16,17,303,315
22,308,320,321
22,34,35,321
22,34,320,321
165,451,452,465
165,166,179,465
165,166,452,465
157,443,451,452
157,165,166,452
157,165,451,452
189,475,476,487
189,190,201,487
189,190,476,487
16,302,314,315
16,28,29,315
16,28,314,315
11,297,304,309
11,18,23,309
11,18,304,309
10,296,297,309
10,11,23,309
10,11,297,309
21,307,308,320
21,22,34,320
21,22,308,320
200,486,487,498
200,201,212,498
200,201,487,498
172,458,469,470
172,183,184,470
172,183,469,470
195,481,482,493
195,196,207,493
195,196,482,493
190,476,487,488
190,201,202,488
190,201,487,488
113,399,400,409
113,114,123,409
113,114,400,409
151,437,438,446
151,152,160,446
151,152,438,446
160,446,447,458
160,161,172,458
160,161,447,458
6,292,297,304
6,11,18,304
6,11,297,304
17,303,304,316
17,18,30,316
17,18,304,316
5,291,303,304
5,17,18,304
5,17,303,304
63,349,350,362
63,64,76,362
63,64,350,362
207,493,498,505
207,212,219,505
207,212,498,505
200,486,493,498
200,207,212,498
200,207,493,498
28,314,315,327
28,29,41,327
28,29,315,327
201,487,498,499
201,212,213,499
201,212,498,499
166,452,465,466
166,179,180,466
166,179,465,466
28,314,326,327
28,40,41,327
28,40,326,327
201,487,488,499
201,202,213,499
201,202,488,499
23,309,316,321
23,30,35,321
23,30,316,321
22,308,309,321
22,23,35,321
22,23,309,321
34,320,332,333
34,46,47,333
34,46,332,333
33,319,320,332
33,34,46,332
33,34,320,332
69,355,366,367
69,80,81,367
69,80,366,367
179,465,466,476
179,180,190,476
179,180,466,476
202,488,499,500
202,213,214,500
202,213,499,500
212,498,499,510
212,213,224,510
212,213,499,510
184,470,481,482
184,195,196,482
184,195,481,482
207,493,494,505
207,208,219,505
207,208,494,505
75,361,362,385
75,76,99,385
75,76,362,385
63,349,361,362
63,75,76,362
63,75,361,362
29,315,316,328
29,30,42,328
29,30,316,328
123,409,417,418
123,131,132,418
123,131,417,418
172,458,459,470
172,173,184,470
172,173,459,470
184,470,471,482
184,185,196,482
184,185,471,482
18,304,309,316
18,23,30,316
18,23,309,316
219,505,510,517
219,224,231,517
219,224,510,517
212,498,505,510
212,219,224,510
212,219,505,510
213,499,510,511
213,224,225,511
213,224,510,511
180,466,476,477
180,190,191,477
180,190,476,477
213,499,500,511
213,214,225,511
213,214,500,511
40,326,327,339
40,41,53,339
40,41,327,339
17,303,315,316
17,29,30,316
17,29,315,316
224,510,511,522
224,225,236,522
224,225,511,522
214,500,511,512
214,225,226,512
214,225,511,512
196,482,493,494
196,207,208,494
196,207,493,494
219,505,506,517
219,220,231,517
219,220,506,517
190,476,477,488
190,191,202,488
190,191,477,488
224,510,517,522
224,231,236,522
224,231,517,522
191,477,488,489
191,202,203,489
191,202,488,489
231,517,522,529
231,236,243,529
231,236,522,529
40,326,338,339
40,52,53,339
40,52,338,339
76,362,373,385
76,87,99,385
76,87,373,385
41,327,328,340
41,42,54,340
41,42,328,340
237,523,524,538
237,238,252,538
237,238,524,538
225,511,522,523
225,236,237,523
225,236,522,523
45,331,332,344
45,46,58,344
45,46,332,344
80,366,377,391
80,91,105,391
80,91,377,391
46,332,344,345
46,58,59,345
46,58,344,345
34,320,321,333
34,35,47,333
34,35,321,333
225,511,512,523
225,226,237,523
225,226,512,523
132,418,427,428
132,141,142,428
132,141,427,428
220,506,507,518
220,221,232,518
220,221,507,518
231,517,518,529
231,232,243,529
231,232,518,529
226,512,523,524
226,237,238,524
226,237,523,524
221,507,518,519
221,232,233,519
221,232,518,519
208,494,505,506
208,219,220,506
208,219,505,506
202,488,489,500
202,203,214,500
202,203,489,500
236,522,523,536
236,237,250,536
236,237,523,536
203,489,500,501
203,214,215,501
203,214,500,501
236,522,534,568
236,248,282,568
236,248,534,568
233,519,530,531
233,244,245,531
233,244,530,531
220,506,517,518
220,231,232,518
220,231,517,518
236,522,529,568
236,243,282,568
236,243,529,568
214,500,501,512
214,215,226,512
214,215,501,512
236,522,534,536
236,248,250,536
236,248,534,536
215,501,512,513
215,226,227,513
215,226,512,513
30,316,321,328
30,35,42,328
30,35,321,328
35,321,328,333
35,42,47,333
35,42,328,333
252,538,540,571
252,254,285,571
252,254,540,571
237,523,536,538
237,250,252,538
237,250,536,538
243,529,566,568
243,280,282,568
243,280,566,568
254,540,542,571
254,256,285,571
254,256,542,571
232,518,529,530
232,243,244,530
232,243,529,530
250,536,538,571
250,252,285,571
250,252,538,571
244,530,531,562
244,245,276,562
244,245,531,562
142,428,437,438
142,151,152,438
142,151,437,438
243,529,530,566
243,244,280,566
243,244,530,566
226,512,513,524
226,227,238,524
226,227,513,524
238,524,538,540
238,252,254,540
238,252,538,540
248,534,568,571
248,282,285,571
248,282,568,571
87,373,385,386
87,99,100,386
87,99,385,386
227,513,524,525
227,238,239,525
227,238,524,525
80,366,367,391
80,81,105,391
80,81,367,391
91,377,389,392
91,103,106,392
91,103,389,392
103,389,392,400
103,106,114,400
103,106,392,400
280,566,568,571
280,282,285,571
280,282,568,571
238,524,525,542
238,239,256,542
238,239,525,542
244,530,564,566
244,278,280,566
244,278,564,566
244,530,562,564
244,276,278,564
244,276,562,564
238,524,540,542
238,254,256,542
238,254,540,542
248,534,536,571
248,250,285,571
248,250,536,571
152,438,446,447
152,160,161,447
152,160,446,447
52,338,339,350
52,53,64,350
52,53,339,350
29,315,327,328
29,41,42,328
29,41,327,328
232,518,519,530
232,233,244,530
232,233,519,530
278,564,566,571
278,280,285,571
278,280,566,571
239,525,542,544
239,256,258,544
239,256,542,544
276,562,564,571
276,278,285,571
276,278,564,571
256,542,544,571
256,258,285,571
256,258,544,571
227,513,514,525
227,228,239,525
227,228,514,525
215,501,502,513
215,216,227,513
215,216,502,513
274,560,562,571
274,276,285,571
274,276,562,571
258,544,546,571
258,260,285,571
258,260,546,571
209,495,506,507
209,220,221,507
209,220,506,507
58,344,345,356
58,59,70,356
58,59,345,356
57,343,344,356
57,58,70,356
57,58,344,356
46,332,333,345
46,47,59,345
46,47,333,345
208,494,495,506
208,209,220,506
208,209,495,506
161,447,458,459
161,172,173,459
161,172,458,459
53,339,350,351
53,64,65,351
53,64,350,351
53,339,340,352
53,54,66,352
53,54,340,352
197,483,494,495
197,208,209,495
197,208,494,495
246,532,556,558
246,270,272,558
246,270,556,558
246,532,558,560
246,272,274,560
246,272,558,560
245,531,560,562
245,274,276,562
245,274,560,562
196,482,483,494
196,197,208,494
196,197,483,494
173,459,470,471
173,184,185,471
173,184,470,471
185,471,482,483
185,196,197,483
185,196,482,483
260,546,548,571
260,262,285,571
260,262,548,571
239,525,526,544
239,240,258,544
239,240,526,544
203,489,490,501
203,204,215,501
203,204,490,501
245,531,532,560
245,246,274,560
245,246,532,560
272,558,560,571
272,274,285,571
272,274,560,571
234,520,531,532
234,245,246,532
234,245,531,532
262,548,550,571
262,264,285,571
262,264,550,571
240,526,544,546
240,258,260,546
240,258,544,546
191,477,478,489
191,192,203,489
191,192,478,489
240,526,546,548
240,260,262,548
240,260,546,548
180,466,467,477
180,181,191,477
180,181,467,477
270,556,558,571
270,272,285,571
270,272,558,571
240,526,527,548
240,241,262,548
240,241,527,548
247,533,554,556
247,268,270,556
247,268,554,556
233,519,520,531
233,234,245,531
233,234,520,531
264,550,552,571
264,266,285,571
264,266,552,571
222,508,519,520
222,233,234,520
222,233,519,520
268,554,556,571
268,270,285,571
268,270,556,571
266,552,554,571
266,268,285,571
266,268,554,571
228,514,515,526
228,229,240,526
228,229,515,526
241,527,548,550
241,262,264,550
241,262,548,550
228,514,525,526
228,239,240,526
228,239,525,526
242,528,550,552
242,264,266,552
242,264,550,552
216,502,503,514
216,217,228,514
216,217,503,514
221,507,508,519
221,222,233,519
221,222,508,519
210,496,507,508
210,221,222,508
210,221,507,508
241,527,528,550
241,242,264,550
241,242,528,550
216,502,513,514
216,227,228,514
216,227,513,514
166,452,453,466
166,167,180,466
166,167,453,466
209,495,496,507
209,210,221,507
209,210,496,507
246,532,533,556
246,247,270,556
246,247,533,556
242,528,552,554
242,266,268,554
242,266,552,554
42,328,333,340
42,47,54,340
42,47,333,340
47,333,340,345
47,54,59,345
47,54,340,345
204,490,491,502
204,205,216,502
204,205,491,502
204,490,501,502
204,215,216,502
204,215,501,502
157,443,444,452
157,158,166,452
157,158,444,452
235,521,532,533
235,246,247,533
235,246,532,533
229,515,526,527
229,240,241,527
229,240,526,527
242,528,533,554
242,247,268,554
242,247,533,554
234,520,521,532
234,235,246,532
234,235,521,532
230,516,528,533
230,242,247,533
230,242,528,533
198,484,495,496
198,209,210,496
198,209,495,496
197,483,484,495
197,198,209,495
197,198,484,495
230,516,527,528
230,241,242,528
230,241,527,528
229,515,516,527
229,230,241,527
229,230,516,527
192,478,479,490
192,193,204,490
192,193,479,490
192,478,489,490
192,203,204,490
192,203,489,490
223,509,520,521
223,234,235,521
223,234,520,521
217,503,514,515
217,228,229,515
217,228,514,515
70,356,367,368
70,81,82,368
70,81,367,368
69,355,356,367
69,70,81,367
69,70,356,367
230,516,521,533
230,235,247,533
230,235,521,533
222,508,509,520
222,223,234,520
222,223,509,520
218,504,516,521
218,230,235,521
218,230,516,521
186,472,483,484
186,197,198,484
186,197,483,484
185,471,472,483
185,186,197,483
185,186,472,483
218,504,515,516
218,229,230,516
218,229,515,516
217,503,504,515
217,218,229,515
217,218,504,515
181,467,468,478
181,182,192,478
181,182,468,478
181,467,477,478
181,191,192,478
181,191,477,478
148,434,435,443
148,149,157,443
148,149,435,443
41,327,339,340
41,53,54,340
41,53,339,340
59,345,356,357
59,70,71,357
59,70,356,357
64,350,362,363
64,76,77,363
64,76,362,363
100,386,396,397
100,110,111,397
100,110,396,397
87,373,384,386
87,98,100,386
87,98,384,386
110,396,397,406
110,111,120,406
110,111,397,406
119,405,406,414
119,120,128,414
119,120,406,414
110,396,405,406
110,119,120,406
110,119,405,406
211,497,508,509
211,222,223,509
211,222,508,509
92,378,391,392
92,105,106,392
92,105,391,392
91,377,391,392
91,105,106,392
91,105,391,392
114,400,409,410
114,123,124,410
114,123,409,410
167,453,454,467
167,168,181,467
167,168,454,467
167,453,466,467
167,180,181,467
167,180,466,467
128,414,415,423
128,129,137,423
128,129,415,423
174,460,471,472
174,185,186,472
174,185,471,472
210,496,497,508
210,211,222,508
210,211,497,508
206,492,504,509
206,218,223,509
206,218,504,509
218,504,509,521
218,223,235,521
218,223,509,521
205,491,502,503
205,216,217,503
205,216,502,503
87,373,374,384
87,88,98,384
87,88,374,384
76,362,373,374
76,87,88,374
76,87,373,374
205,491,492,503
205,206,217,503
205,206,492,503
137,423,434,435
137,148,149,435
137,148,434,435
120,406,414,415
120,128,129,415
120,128,414,415
158,444,452,453
158,166,167,453
158,166,452,453
76,362,363,374
76,77,88,374
76,77,363,374
199,485,496,497
199,210,211,497
199,210,496,497
206,492,503,504
206,217,218,504
206,217,503,504
149,435,443,444
149,157,158,444
149,157,443,444
64,350,351,363
64,65,77,363
64,65,351,363
173,459,460,471
173,174,185,471
173,174,460,471
198,484,485,496
198,199,210,496
198,199,485,496
162,448,459,460
162,173,174,460
162,173,459,460
81,367,378,379
81,92,93,379
81,92,378,379
81,367,378,391
81,92,105,391
81,92,378,391
194,480,492,497
194,206,211,497
194,206,492,497
206,492,497,509
206,211,223,509
206,211,497,509
193,479,490,491
193,204,205,491
193,204,490,491
139,425,444,453
139,158,167,453
139,158,444,453
193,479,480,491
193,194,205,491
193,194,480,491
129,415,423,424
129,137,138,424
129,137,423,424
53,339,351,352
53,65,66,352
53,65,351,352
54,340,345,352
54,59,66,352
54,59,345,352
187,473,484,485
187,198,199,485
187,198,484,485
169,455,468,479
169,182,193,479
169,182,468,479
153,439,447,448
153,161,162,448
153,161,447,448
161,447,448,459
161,162,173,459
161,162,448,459
186,472,473,484
186,187,198,484
186,187,473,484
59,345,352,357
59,66,71,357
59,66,352,357
137,423,424,435
137,138,149,435
137,138,424,435
70,356,357,368
70,71,82,368
70,71,357,368
194,480,491,492
194,205,206,492
194,205,491,492
182,468,478,479
182,192,193,479
182,192,478,479
139,425,435,444
139,149,158,444
139,149,435,444
176,462,480,485
176,194,199,485
176,194,480,485
194,480,485,497
194,199,211,497
194,199,485,497
152,438,439,447
152,153,161,447
152,153,439,447
175,461,472,473
175,186,187,473
175,186,472,473
142,428,438,439
142,152,153,439
142,152,438,439
81,367,368,379
81,82,93,379
81,82,368,379
92,378,390,392
92,104,106,392
92,104,390,392
174,460,461,472
174,175,186,472
174,175,461,472
168,454,455,468
168,169,182,468
168,169,455,468
139,425,453,454
139,167,168,454
139,167,453,454
138,424,425,435
138,139,149,435
138,139,425,435
142,428,429,439
142,143,153,439
142,143,429,439
176,462,473,485
176,187,199,485
176,187,473,485
132,418,419,428
132,133,142,428
132,133,419,428
92,378,379,390
92,93,104,390
92,93,379,390
106,392,400,401
106,114,115,401
106,114,400,401
123,409,410,418
123,124,132,418
123,124,410,418
168,454,467,468
168,181,182,468
168,181,467,468
169,455,479,480
169,193,194,480
169,193,479,480
169,455,456,480
169,170,194,480
169,170,456,480
175,461,462,473
175,176,187,473
175,176,462,473
170,456,462,480
170,176,194,480
170,176,462,480
104,390,392,401
104,106,115,401
104,106,392,401
144,430,460,461
144,174,175,461
144,174,460,461
144,430,448,460
144,162,174,460
144,162,448,460
114,400,401,410
114,115,124,410
114,115,401,410
144,430,439,448
144,153,162,448
144,153,439,448
124,410,418,419
124,132,133,419
124,132,418,419
143,429,430,439
143,144,153,439
143,144,430,439
133,419,428,429
133,142,143,429
133,142,428,429
