2.2700062688892277e+01, 1.9306660869253410e+01
2.2223381452195117e+01, 1.9853496337678916e+01
2.1729670495408065e+01, 2.0392680553595500e+01
2.1223967648719206e+01, 2.0918489363386652e+01
2.0711842974743675e+01, 2.1425675265661081e+01
2.0199437336669007e+01, 2.1909421062227597e+01
2.3584591401270067e+01, 1.8215571592325567e+01
2.3155166943408346e+01, 1.8758417945628821e+01
1.9539252516008695e+01, 2.2500169135267580e+01
1.9031630665471230e+01, 2.2931136784143412e+01
2.4300880669149510e+01, 1.7248396989394568e+01
2.3910526603744575e+01, 1.7785576109072849e+01
1.8272721568259922e+01, 2.3540340832045075e+01
1.7772360219369755e+01, 2.3920351423692821e+01
2.4989597574602726e+01, 1.6234531501075399e+01
1.6979403563871688e+01, 2.4489586656682910e+01
2.5635281644193597e+01, 1.5194483703728498e+01
1.6267709535530518e+01, 2.4968012064792209e+01
1.5775644281689596e+01, 2.5281792806238922e+01
2.6204783800986132e+01, 1.4189760602052973e+01
1.4926002881721443e+01, 2.5792526785385782e+01
2.6764451996156780e+01, 1.3103591467434393e+01
1.4048169336742765e+01, 2.6280961517535854e+01
2.7283015030824451e+01, 1.1986537899986258e+01
1.3011094637280035e+01, 2.6809539651768418e+01
2.7792420320707802e+01, 1.0752737917251970e+01
1.2069902945777914e+01, 2.7246237224238904e+01
1.1542617031187184e+01, 2.7473769163901547e+01
2.8224922440827577e+01, 9.5600080130336647e+00
1.0553599260949964e+01, 2.7868648023168909e+01
2.8612161635777223e+01, 8.3297182742370239e+00
2.8444289646950203e+01, 8.8860782396061371e+00
9.3786325187478266e+00, 2.8285707558381596e+01
2.8834199033947222e+01, 7.5252219947797627e+00
8.1572066449231304e+00, 2.8661820942710914e+01
2.9166800277160984e+01, 6.1104632878532099e+00
7.0731603270975185e+00, 2.8948409334317034e+01
2.9416610450958281e+01, 4.7647696247113540e+00
5.7757769895669089e+00, 2.9234917481785196e+01
2.9622212341704106e+01, 3.2503132130601120e+00
4.4379925211120757e+00, 2.9467680980738091e+01
3.7672513012827840e+00, 2.9560917063463766e+01
2.9752514332168623e+01, 1.6816334065725573e+00
2.9706387390955250e+01, 2.3602008767253566e+00
2.8380885374583591e+00, 2.9664545394351613e+01
2.9793696385228319e+01, 6.1290758261989065e-01
1.4156769581341433e+00, 2.9766354475316724e+01
6.6795876842565849e-01, 2.9792513003835094e+01
2.9781913424691993e+01, -1.0380909228728139e+00
-3.3905699631426561e-02, 2.9799980711462421e+01
-8.2044674919003202e-01, 2.9788703683304913e+01
2.9674574295324259e+01, -2.7312342249028525e+00
-1.7805193130532533e+00, 2.9746760344209662e+01
-2.6119543917702632e+00, 2.9685311085708907e+01
2.9433681588966081e+01, -4.6581528656066347e+00
-4.1489678964459094e+00, 2.9509762204976532e+01
2.9098582506206906e+01, -6.4274797649988322e+00
-6.0095357382383323e+00, 2.9187762507784601e+01
2.8578931604636896e+01, -8.4430248334045785e+00
2.8829404475886598e+01, -7.5435692855391583e+00
-7.5539260004935374e+00, 2.8826692525835629e+01
2.7984065320961765e+01, -1.0243636469152202e+01
2.8307115105489093e+01, -9.3138195389749399e+00
-9.4352026005407481e+00, 2.8266887905935970e+01
-1.0429632566542329e+01, 2.7915278335114618e+01
2.7146858207202975e+01, -1.2291789514876038e+01
2.7563391131147124e+01, -1.1326935567548711e+01
-1.1314706094932825e+01, 2.7568413555830340e+01
-1.2344392185345832e+01, 2.7122978847729332e+01
2.6125361000723025e+01, -1.4335463458915466e+01
2.6646683141744351e+01, -1.3341449604277541e+01
-1.3174394598923561e+01, 2.6729671284021691e+01
-1.4231139668108383e+01, 2.6182334955973502e+01
2.4914419486771834e+01, -1.6349669771501922e+01
2.5551268972990140e+01, -1.5335340031114781e+01
-1.6068459378853763e+01, 2.5096705225788636e+01
2.3514128217226038e+01, -1.8306440784157203e+01
2.4275745605434846e+01, -1.7283754664430148e+01
-1.7834915260097549e+01, 2.3873747038643508e+01
-1.8915119840918170e+01, 2.3027336828293972e+01
2.1930889722974662e+01, -2.0176126386368729e+01
-2.0574909188323900e+01, 2.1557205567796231e+01
2.0178014481764283e+01, -2.1929152550285906e+01
-2.2109497819315841e+01, 1.9980242895862606e+01
-2.3126362645839077e+01, 1.8793917919719107e+01
1.7016154219923216e+01, -2.4464065393220917e+01
1.8275661343926917e+01, -2.3538058595434237e+01
-2.4463728004841798e+01, 1.7016639271757491e+01
-2.5388125352666986e+01, 1.5603944728089369e+01
1.4858612431832949e+01, -2.5831407948475814e+01
-2.6010386515989250e+01, 1.4543032465371335e+01
-2.6831500681853612e+01, 1.2965746070307306e+01
1.0415958284059075e+01, -2.7920383468440065e+01
1.2084982490278289e+01, -2.7239552092677059e+01
-2.7699886357907452e+01, 1.0988916951138201e+01
-2.8339499357033560e+01, 9.2148128680236621e+00
-2.8885873607840434e+01, 7.3243638571460492e+00
6.1276822891720117e+00, -2.9163187578914755e+01
7.9996114040592774e+00, -2.8706205206959080e+01
-2.9119547359714687e+01, 6.3318213466058344e+00
-2.9482386072200399e+01, 4.3392293658809864e+00
-2.9715231880951340e+01, 2.2461064670431479e+00
8.7758007246509750e-01, -2.9787075271271803e+01
2.9473931242604063e+00, -2.9653884632052211e+01
-2.9798522990073849e+01, 2.9669447254776976e-01
-2.9741856795154746e+01, -1.8606327892702685e+00
-2.9519628382500930e+01, -4.0781785344741275e+00
-2.9117815505923133e+01, -6.3397807661639760e+00
-8.0441673474947049e+00, -2.8693751439738580e+01
-5.8229057125821315e+00, -2.9225567044325736e+01
-3.6359000337277254e+00, -2.9577360107770584e+01
-1.4996014469564003e+00, -2.9762244463418522e+01
-2.8387067683495498e+01, -9.0672150262715991e+00
-2.7593338026843384e+01, -1.1253785875711294e+01
-2.6612149320228312e+01, -1.3410201659851047e+01
-2.5444553959538958e+01, -1.5511759210357491e+01
-2.4096177069261206e+01, -1.7533232749462108e+01
-2.2577361897332768e+01, -1.9450005906345286e+01
-2.0902966989129627e+01, -2.1239255426011457e+01
-1.9091808756732384e+01, -2.2881058506903845e+01
-1.7165796583512929e+01, -2.4359298587058202e+01
-1.5148854638662705e+01, -2.5662271979243524e+01
-1.3065753476780506e+01, -2.6782943939828538e+01
-1.0940978958610717e+01, -2.7718856026669599e+01
1.8613203435595854e-01, -2.9799418700132165e+01
7.4452000431232665e-02, -2.9695200039288999e+01
3.7225942122835518e-02, -2.9680111338883439e+01
5.4740644091352953e-15, -2.9675418700132166e+01
-3.7225942122824575e-02, -2.9680111338883439e+01
-7.4452000431221715e-02, -2.9695200039288991e+01
-1.8613203435594761e-01, -2.9799418700132165e+01
1.0569831830676648e+00, -2.9781248908511412e+01
-1.0569831830676648e+00, -2.9781248908511412e+01
-8.0935002186923866e-01, -2.9789007243312092e+01
5.6154896092810525e-01, -2.9794708637012722e+01
-5.6154896092810525e-01, -2.9794708637012722e+01
3.1363131740244682e-01, -2.9798349541488776e+01
-3.1363131740244682e-01, -2.9798349541488776e+01
