313,849,878,879
313,342,343,879
313,342,878,879
312,848,849,878
312,313,342,878
312,313,849,878
285,821,849,850
285,313,314,850
285,313,849,850
313,849,850,879
313,314,343,879
313,314,850,879
312,848,877,878
312,341,342,878
312,341,877,878
314,850,879,880
314,343,344,880
314,343,879,880
283,819,820,848
283,284,312,848
283,284,820,848
284,820,848,849
284,312,313,849
284,312,848,849
284,820,821,849
284,285,313,849
284,285,821,849
314,850,851,880
314,315,344,880
314,315,851,880
343,879,911,912
343,375,376,912
343,375,911,912
342,878,879,911
342,343,375,911
342,343,879,911
341,877,878,909
341,342,373,909
341,342,878,909
342,878,910,911
342,374,375,911
342,374,910,911
311,847,848,877
311,312,341,877
311,312,848,877
283,819,847,848
283,311,312,848
283,311,847,848
259,795,820,821
259,284,285,821
259,284,820,821
286,822,850,851
286,314,315,851
286,314,850,851
260,796,821,822
260,285,286,822
260,285,821,822
285,821,822,850
285,286,314,850
285,286,822,850
344,880,912,913
344,376,377,913
344,376,912,913
343,879,880,912
343,344,376,912
343,344,880,912
259,795,819,820
259,283,284,820
259,283,819,820
342,878,909,910
342,373,374,910
342,373,909,910
311,847,876,877
311,340,341,877
311,340,876,877
259,795,796,821
259,260,285,821
259,260,796,821
340,876,877,908
340,341,372,908
340,341,877,908
258,794,818,819
258,282,283,819
258,282,818,819
315,851,852,881
315,316,345,881
315,316,852,881
315,851,880,881
315,344,345,881
315,344,880,881
282,818,819,847
282,283,311,847
282,283,819,847
258,794,795,819
258,259,283,819
258,259,795,819
237,773,796,797
237,260,261,797
237,260,796,797
282,818,846,847
282,310,311,847
282,310,846,847
236,772,795,796
236,259,260,796
236,259,795,796
260,796,797,822
260,261,286,822
260,261,797,822
286,822,823,851
286,287,315,851
286,287,823,851
261,797,822,823
261,286,287,823
261,286,822,823
310,846,847,876
310,311,340,876
310,311,847,876
235,771,772,794
235,236,258,794
235,236,772,794
236,772,794,795
236,258,259,795
236,258,794,795
287,823,851,852
287,315,316,852
287,315,851,852
236,772,773,796
236,237,260,796
236,237,773,796
261,797,798,823
261,262,287,823
261,262,798,823
375,911,943,944
375,407,408,944
375,407,943,944
374,910,911,943
374,375,407,943
374,375,911,943
373,909,910,942
373,374,406,942
373,374,910,942
257,793,817,818
257,281,282,818
257,281,817,818
257,793,794,818
257,258,282,818
257,258,794,818
345,881,913,914
345,377,378,914
345,377,913,914
344,880,881,913
344,345,377,913
344,345,881,913
375,911,912,944
375,376,408,944
375,376,912,944
235,771,793,794
235,257,258,794
235,257,793,794
218,754,772,773
218,236,237,773
218,236,772,773
372,908,909,941
372,373,405,941
372,373,909,941
341,877,908,909
341,372,373,909
341,372,908,909
310,846,875,876
310,339,340,876
310,339,875,876
237,773,774,797
237,238,261,797
237,238,774,797
238,774,797,798
238,261,262,798
238,261,797,798
287,823,824,852
287,288,316,852
287,288,824,852
376,912,944,945
376,408,409,945
376,408,944,945
219,755,773,774
219,237,238,774
219,237,773,774
374,910,942,943
374,406,407,943
374,406,942,943
281,817,818,846
281,282,310,846
281,282,818,846
216,752,753,771
216,217,235,771
216,217,753,771
281,817,845,846
281,309,310,846
281,309,845,846
217,753,771,772
217,235,236,772
217,235,771,772
217,753,754,772
217,218,236,772
217,218,754,772
339,875,876,907
339,340,371,907
339,340,876,907
316,852,853,882
316,317,346,882
316,317,853,882
316,852,881,882
316,345,346,882
316,345,881,882
262,798,799,824
262,263,288,824
262,263,799,824
262,798,823,824
262,287,288,824
262,287,823,824
238,774,775,798
238,239,262,798
238,239,775,798
234,770,771,793
234,235,257,793
234,235,771,793
234,770,792,793
234,256,257,793
234,256,792,793
108,644,754,755
108,218,219,755
108,218,754,755
218,754,755,773
218,219,237,773
218,219,755,773
220,756,774,775
220,238,239,775
220,238,774,775
256,792,816,817
256,280,281,817
256,280,816,817
256,792,793,817
256,257,281,817
256,257,793,817
309,845,846,875
309,310,339,875
309,310,846,875
377,913,945,946
377,409,410,946
377,409,945,946
376,912,913,945
376,377,409,945
376,377,913,945
288,824,825,853
288,289,317,853
288,289,825,853
288,824,852,853
288,316,317,853
288,316,852,853
215,751,752,770
215,216,234,770
215,216,752,770
216,752,770,771
216,234,235,771
216,234,770,771
116,652,658,754
116,122,218,754
116,122,658,754
373,909,941,942
373,405,406,942
373,405,941,942
340,876,907,908
340,371,372,908
340,371,907,908
239,775,798,799
239,262,263,799
239,262,798,799
116,652,753,754
116,217,218,754
116,217,753,754
219,755,756,774
219,220,238,774
219,220,756,774
239,775,776,799
239,240,263,799
239,240,776,799
115,651,652,753
115,116,217,753
115,116,652,753
102,638,651,753
102,115,217,753
102,115,651,753
116,652,658,665
116,122,129,665
116,122,658,665
108,644,657,670
108,121,134,670
108,121,657,670
108,644,658,754
108,122,218,754
108,122,658,754
107,643,755,756
107,219,220,756
107,219,755,756
115,651,652,665
115,116,129,665
115,116,652,665
107,643,644,755
107,108,219,755
107,108,644,755
129,665,676,677
129,140,141,677
129,140,676,677
102,638,752,753
102,216,217,753
102,216,752,753
101,637,638,650
101,102,114,650
101,102,638,650
346,882,914,915
346,378,379,915
346,378,914,915
345,881,882,914
345,346,378,914
345,346,882,914
233,769,791,792
233,255,256,792
233,255,791,792
233,769,770,792
233,234,256,792
233,234,770,792
371,907,908,940
371,372,404,940
371,372,908,940
309,845,874,875
309,338,339,875
309,338,874,875
122,658,665,670
122,129,134,670
122,129,665,670
108,644,658,670
108,122,134,670
108,122,658,670
107,643,644,657
107,108,121,657
107,108,644,657
129,665,670,682
129,134,146,682
129,134,670,682
107,643,656,657
107,120,121,657
107,120,656,657
102,638,651,664
102,115,128,664
102,115,651,664
115,651,664,665
115,128,129,665
115,128,664,665
101,637,638,752
101,102,216,752
101,102,638,752
280,816,844,845
280,308,309,845
280,308,844,845
280,816,817,845
280,281,309,845
280,281,817,845
102,638,650,664
102,114,128,664
102,114,650,664
129,665,677,682
129,141,146,682
129,141,677,682
141,677,682,694
141,146,158,694
141,146,682,694
121,657,669,670
121,133,134,670
121,133,669,670
152,688,699,700
152,163,164,700
152,163,699,700
128,664,665,676
128,129,140,676
128,129,665,676
141,677,688,689
141,152,153,689
141,152,688,689
133,669,670,681
133,134,145,681
133,134,670,681
153,689,694,706
153,158,170,706
153,158,694,706
141,677,689,694
141,153,158,694
141,153,689,694
140,676,687,688
140,151,152,688
140,151,687,688
140,676,677,688
140,141,152,688
140,141,677,688
215,751,768,769
215,232,233,769
215,232,768,769
215,751,769,770
215,233,234,770
215,233,769,770
139,675,676,687
139,140,151,687
139,140,676,687
153,689,700,701
153,164,165,701
153,164,700,701
134,670,681,682
134,145,146,682
134,145,681,682
101,637,751,752
101,215,216,752
101,215,751,752
169,705,706,729
169,170,193,729
169,170,706,729
220,756,757,776
220,221,240,776
220,221,757,776
220,756,775,776
220,239,240,776
220,239,775,776
263,799,824,825
263,288,289,825
263,288,824,825
95,631,643,756
95,107,220,756
95,107,643,756
152,688,689,700
152,153,164,700
152,153,689,700
153,689,701,706
153,165,170,706
153,165,701,706
145,681,682,693
145,146,157,693
145,146,682,693
128,664,675,676
128,139,140,676
128,139,675,676
146,682,693,694
146,157,158,694
146,157,693,694
157,693,694,705
157,158,169,705
157,158,694,705
263,799,800,825
263,264,289,825
263,264,800,825
317,853,882,883
317,346,347,883
317,346,882,883
158,694,705,706
158,169,170,706
158,169,705,706
133,669,680,681
133,144,145,681
133,144,680,681
165,701,723,725
165,187,189,725
165,187,723,725
165,701,706,727
165,170,191,727
165,170,706,727
145,681,692,693
145,156,157,693
145,156,692,693
120,656,668,669
120,132,133,669
120,132,668,669
120,656,657,669
120,121,133,669
120,121,657,669
164,700,701,723
164,165,187,723
164,165,701,723
157,693,704,705
157,168,169,705
157,168,704,705
165,701,725,727
165,189,191,727
165,189,725,727
127,663,664,675
127,128,139,675
127,128,664,675
191,727,729,744
191,193,208,744
191,193,729,744
113,649,650,663
113,114,127,663
113,114,650,663
114,650,663,664
114,127,128,664
114,127,663,664
187,723,725,744
187,189,208,744
187,189,725,744
164,700,721,723
164,185,187,723
164,185,721,723
170,706,727,729
170,191,193,729
170,191,727,729
151,687,688,699
151,152,163,699
151,152,688,699
193,729,731,744
193,195,208,744
193,195,731,744
163,699,717,719
163,181,183,719
163,181,717,719
163,699,719,721
163,183,185,721
163,183,719,721
163,699,700,721
163,164,185,721
163,164,700,721
169,705,729,731
169,193,195,731
169,193,729,731
195,731,733,744
195,197,208,744
195,197,733,744
162,698,715,717
162,179,181,717
162,179,715,717
185,721,723,744
185,187,208,744
185,187,723,744
127,663,674,675
127,138,139,675
127,138,674,675
162,698,699,717
162,163,181,717
162,163,699,717
168,704,733,735
168,197,199,735
168,197,733,735
189,725,727,744
189,191,208,744
189,191,727,744
169,705,731,733
169,195,197,733
169,195,731,733
183,719,721,744
183,185,208,744
183,185,721,744
168,704,705,733
168,169,197,733
168,169,705,733
151,687,698,699
151,162,163,699
151,162,698,699
181,717,719,744
181,183,208,744
181,183,719,744
156,692,703,704
156,167,168,704
156,167,703,704
156,692,693,704
156,157,168,704
156,157,693,704
197,733,735,744
197,199,208,744
197,199,735,744
179,715,717,744
179,181,208,744
179,181,717,744
199,735,737,744
199,201,208,744
199,201,737,744
144,680,691,692
144,155,156,692
144,155,691,692
150,686,687,698
150,151,162,698
150,151,687,698
167,703,704,735
167,168,199,735
167,168,704,735
144,680,681,692
144,145,156,692
144,145,681,692
106,642,643,656
106,107,120,656
106,107,643,656
139,675,686,687
139,150,151,687
139,150,686,687
201,737,739,744
201,203,208,744
201,203,739,744
177,713,715,744
177,179,208,744
177,179,715,744
161,697,713,715
161,177,179,715
161,177,713,715
167,703,735,737
167,199,201,737
167,199,735,737
138,674,675,686
138,139,150,686
138,139,675,686
161,697,711,713
161,175,177,713
161,175,711,713
101,637,649,650
101,113,114,650
101,113,649,650
175,711,713,744
175,177,208,744
175,177,713,744
203,739,741,744
203,205,208,744
203,205,741,744
100,636,637,649
100,101,113,649
100,101,637,649
132,668,669,680
132,133,144,680
132,133,669,680
106,642,655,656
106,119,120,656
106,119,655,656
161,697,698,715
161,162,179,715
161,162,698,715
167,703,737,739
167,201,203,739
167,201,737,739
160,696,709,711
160,173,175,711
160,173,709,711
173,709,711,744
173,175,208,744
173,175,711,744
171,707,741,744
171,205,208,744
171,205,741,744
166,702,703,739
166,167,203,739
166,167,703,739
150,686,697,698
150,161,162,698
150,161,697,698
155,691,702,703
155,166,167,703
155,166,702,703
171,707,709,744
171,173,208,744
171,173,709,744
155,691,692,703
155,156,167,703
155,156,692,703
132,668,679,680
132,143,144,680
132,143,679,680
95,631,642,643
95,106,107,643
95,106,642,643
94,630,631,642
94,95,106,642
94,95,631,642
255,791,792,816
255,256,280,816
255,256,792,816
112,648,649,662
112,113,126,662
112,113,649,662
166,702,739,741
166,203,205,741
166,203,739,741
159,695,707,741
159,171,205,741
159,171,707,741
126,662,663,674
126,127,138,674
126,127,663,674
149,685,686,697
149,150,161,697
149,150,686,697
159,695,702,741
159,166,205,741
159,166,702,741
119,655,656,668
119,120,132,668
119,120,656,668
338,874,875,906
338,339,370,906
338,339,875,906
255,791,815,816
255,279,280,816
255,279,815,816
317,853,854,883
317,318,347,883
317,318,854,883
160,696,697,711
160,161,175,711
160,161,697,711
159,695,707,709
159,171,173,709
159,171,707,709
143,679,680,691
143,144,155,691
143,144,680,691
138,674,685,686
138,149,150,686
138,149,685,686
149,685,696,697
149,160,161,697
149,160,696,697
137,673,674,685
137,138,149,685
137,138,674,685
148,684,695,696
148,159,160,696
148,159,695,696
159,695,696,709
159,160,173,709
159,160,696,709
143,679,690,691
143,154,155,691
143,154,690,691
154,690,691,702
154,155,166,702
154,155,691,702
147,683,690,695
147,154,159,695
147,154,690,695
154,690,695,702
154,159,166,702
154,159,695,702
113,649,662,663
113,126,127,663
113,126,662,663
90,626,636,637
90,100,101,637
90,100,636,637
131,667,668,679
131,132,143,679
131,132,668,679
119,655,667,668
119,131,132,668
119,131,667,668
148,684,685,696
148,149,160,696
148,149,685,696
137,673,684,685
137,148,149,685
137,148,684,685
131,667,678,679
131,142,143,679
131,142,678,679
147,683,684,695
147,148,159,695
147,148,684,695
126,662,673,674
126,137,138,674
126,137,673,674
136,672,683,684
136,147,148,684
136,147,683,684
142,678,683,690
142,147,154,690
142,147,683,690
142,678,679,690
142,143,154,690
142,143,679,690
84,620,631,757
84,95,221,757
84,95,631,757
105,641,642,655
105,106,119,655
105,106,642,655
95,631,756,757
95,220,221,757
95,220,756,757
240,776,799,800
240,263,264,800
240,263,799,800
135,671,678,683
135,142,147,683
135,142,678,683
125,661,672,673
125,136,137,673
125,136,672,673
136,672,673,684
136,137,148,684
136,137,673,684
130,666,667,678
130,131,142,678
130,131,667,678
125,661,662,673
125,126,137,673
125,126,662,673
90,626,637,751
90,101,215,751
90,101,637,751
124,660,671,672
124,135,136,672
124,135,671,672
135,671,672,683
135,136,147,683
135,136,672,683
105,641,654,655
105,118,119,655
105,118,654,655
100,636,648,649
100,112,113,649
100,112,648,649
112,648,661,662
112,125,126,662
112,125,661,662
124,660,661,672
124,125,136,672
124,125,661,672
123,659,666,671
123,130,135,671
123,130,666,671
130,666,671,678
130,135,142,678
130,135,671,678
118,654,655,667
118,119,131,667
118,119,655,667
118,654,666,667
118,130,131,667
118,130,666,667
378,914,946,947
378,410,411,947
378,410,946,947
377,913,914,946
377,378,410,946
377,378,914,946
111,647,660,661
111,124,125,661
111,124,660,661
117,653,654,666
117,118,130,666
117,118,654,666
111,647,648,661
111,112,125,661
111,112,648,661
123,659,660,671
123,124,135,671
123,124,660,671
93,629,630,641
93,94,105,641
93,94,630,641
104,640,641,654
104,105,118,654
104,105,641,654
94,630,641,642
94,105,106,642
94,105,641,642
240,776,777,800
240,241,264,800
240,241,777,800
289,825,853,854
289,317,318,854
289,317,853,854
110,646,659,660
110,123,124,660
110,123,659,660
117,653,659,666
117,123,130,666
117,123,659,666
99,635,647,648
99,111,112,648
99,111,647,648
90,626,750,751
90,214,215,751
90,214,750,751
99,635,636,648
99,100,112,648
99,100,636,648
109,645,653,659
109,117,123,659
109,117,653,659
98,634,646,647
98,110,111,647
98,110,646,647
110,646,647,660
110,111,124,660
110,111,647,660
109,645,646,659
109,110,123,659
109,110,646,659
104,640,653,654
104,117,118,654
104,117,653,654
103,639,640,653
103,104,117,653
103,104,640,653
89,625,635,636
89,99,100,636
89,99,635,636
372,908,940,941
372,404,405,941
372,404,940,941
339,875,906,907
339,370,371,907
339,370,906,907
308,844,845,874
308,309,338,874
308,309,845,874
96,632,633,645
96,97,109,645
96,97,633,645
96,632,639,645
96,103,109,645
96,103,639,645
103,639,645,653
103,109,117,653
103,109,645,653
93,629,640,641
93,104,105,641
93,104,640,641
92,628,629,640
92,93,104,640
92,93,629,640
84,620,630,631
84,94,95,631
84,94,630,631
221,757,776,777
221,240,241,777
221,240,776,777
98,634,635,647
98,99,111,647
98,99,635,647
88,624,634,635
88,98,99,635
88,98,634,635
97,633,645,646
97,109,110,646
97,109,645,646
92,628,639,640
92,103,104,640
92,103,639,640
232,768,769,791
232,233,255,791
232,233,769,791
89,625,626,636
89,90,100,636
89,90,626,636
232,768,790,791
232,254,255,791
232,254,790,791
97,633,634,646
97,98,110,646
97,98,634,646
289,825,826,854
289,290,318,854
289,290,826,854
78,614,615,625
78,79,89,625
78,79,615,625
87,623,633,634
87,97,98,634
87,97,633,634
85,621,627,632
85,91,96,632
85,91,627,632
91,627,632,639
91,96,103,639
91,96,632,639
91,627,628,639
91,92,103,639
91,92,628,639
83,619,629,630
83,93,94,630
83,93,629,630
85,621,622,632
85,86,96,632
85,86,622,632
77,613,623,624
77,87,88,624
77,87,623,624
88,624,625,635
88,89,99,635
88,89,625,635
86,622,632,633
86,96,97,633
86,96,632,633
87,623,624,634
87,88,98,634
87,88,624,634
86,622,623,633
86,87,97,633
86,87,623,633
214,750,751,768
214,215,232,768
214,215,751,768
75,611,621,622
75,85,86,622
75,85,621,622
80,616,621,627
80,85,91,627
80,85,621,627
80,616,617,627
80,81,91,627
80,81,617,627
81,617,627,628
81,91,92,628
81,91,627,628
81,617,618,628
81,82,92,628
81,82,618,628
82,618,628,629
82,92,93,629
82,92,628,629
82,618,619,629
82,83,93,629
82,83,619,629
74,610,616,621
74,80,85,621
74,80,616,621
71,607,618,619
71,82,83,619
71,82,618,619
75,611,612,622
75,76,86,622
75,76,612,622
74,610,611,621
74,75,85,621
74,75,611,621
72,608,619,620
72,83,84,620
72,83,619,620
83,619,620,630
83,84,94,630
83,84,620,630
69,605,616,617
69,80,81,617
69,80,616,617
70,606,617,618
70,81,82,618
70,81,617,618
76,612,622,623
76,86,87,623
76,86,622,623
407,943,978,979
407,442,443,979
407,442,978,979
406,942,943,978
406,407,442,978
406,407,943,978
405,941,942,976
405,406,440,976
405,406,942,976
404,940,941,975
404,405,439,975
404,405,941,975
407,943,944,979
407,408,443,979
407,408,944,979
408,944,979,980
408,443,444,980
408,443,979,980
76,612,613,623
76,77,87,623
76,77,613,623
63,599,605,616
63,69,80,616
63,69,605,616
77,613,614,624
77,78,88,624
77,78,614,624
221,757,758,777
221,222,241,777
221,222,758,777
264,800,825,826
264,289,290,826
264,289,825,826
78,614,624,625
78,88,89,625
78,88,624,625
63,599,610,611
63,74,75,611
63,74,610,611
63,599,610,616
63,74,80,616
63,74,610,616
63,599,600,611
63,64,75,611
63,64,600,611
64,600,611,612
64,75,76,612
64,75,611,612
57,593,605,606
57,69,70,606
57,69,605,606
69,605,606,617
69,70,81,617
69,70,606,617
84,620,757,758
84,221,222,758
84,221,757,758
64,600,601,612
64,65,76,612
64,65,601,612
50,586,599,605
50,63,69,605
50,63,599,605
79,615,625,626
79,89,90,626
79,89,625,626
65,601,612,613
65,76,77,613
65,76,612,613
58,594,606,607
58,70,71,607
58,70,606,607
70,606,607,618
70,71,82,618
70,71,607,618
279,815,816,844
279,280,308,844
279,280,816,844
79,615,749,750
79,213,214,750
79,213,749,750
79,615,626,750
79,90,214,750
79,90,626,750
65,601,602,613
65,66,77,613
65,66,602,613
50,586,599,600
50,63,64,600
50,63,599,600
408,944,945,980
408,409,444,980
408,409,945,980
50,586,587,600
50,51,64,600
50,51,587,600
50,586,593,605
50,57,69,605
50,57,593,605
214,750,767,768
214,231,232,768
214,231,767,768
66,602,613,614
66,77,78,614
66,77,613,614
51,587,600,601
51,64,65,601
51,64,600,601
51,587,588,601
51,52,65,601
51,52,588,601
44,580,593,594
44,57,58,594
44,57,593,594
71,607,608,619
71,72,83,619
71,72,608,619
73,609,620,758
73,84,222,758
73,84,620,758
36,572,586,593
36,50,57,593
36,50,586,593
57,593,594,606
57,58,70,606
57,58,594,606
406,942,977,978
406,441,442,978
406,441,977,978
53,589,602,603
53,66,67,603
53,66,602,603
36,572,586,587
36,50,51,587
36,50,586,587
58,594,595,607
58,59,71,607
58,59,595,607
59,595,607,608
59,71,72,608
59,71,607,608
52,588,601,602
52,65,66,602
52,65,601,602
347,883,915,916
347,379,380,916
347,379,915,916
346,882,883,915
346,347,379,915
346,347,883,915
241,777,800,801
241,264,265,801
241,264,800,801
264,800,801,826
264,265,290,826
264,265,801,826
318,854,883,884
318,347,348,884
318,347,883,884
36,572,573,587
36,37,51,587
36,37,573,587
36,572,580,593
36,44,57,593
36,44,580,593
45,581,594,595
45,58,59,595
45,58,594,595
24,560,572,580
24,36,44,580
24,36,572,580
44,580,581,594
44,45,58,594
44,45,581,594
37,573,587,588
37,51,52,588
37,51,587,588
24,560,561,573
24,25,37,573
24,25,561,573
37,573,574,588
37,38,52,588
37,38,574,588
370,906,907,939
370,371,403,939
370,371,907,939
308,844,873,874
308,337,338,874
308,337,873,874
279,815,843,844
279,307,308,844
279,307,843,844
254,790,791,815
254,255,279,815
254,255,791,815
31,567,580,581
31,44,45,581
31,44,580,581
38,574,588,589
38,52,53,589
38,52,588,589
24,560,572,573
24,36,37,573
24,36,572,573
24,560,567,580
24,31,44,580
24,31,567,580
45,581,582,595
45,46,59,595
45,46,582,595
59,595,596,608
59,60,72,608
59,60,596,608
72,608,609,620
72,73,84,620
72,73,609,620
52,588,589,602
52,53,66,602
52,53,589,602
12,548,560,567
12,24,31,567
12,24,560,567
66,602,603,614
66,67,78,614
66,67,603,614
67,603,614,615
67,78,79,615
67,78,614,615
12,548,549,561
12,13,25,561
12,13,549,561
25,561,573,574
25,37,38,574
25,37,573,574
67,603,604,615
67,68,79,615
67,68,604,615
12,548,560,561
12,24,25,561
12,24,560,561
13,549,561,562
13,25,26,562
13,25,561,562
19,555,567,568
19,31,32,568
19,31,567,568
31,567,568,581
31,32,45,581
31,32,568,581
25,561,562,574
25,26,38,574
25,26,562,574
32,568,569,582
32,33,46,582
32,33,569,582
32,568,581,582
32,45,46,582
32,45,581,582
0,536,548,555
0,12,19,555
0,12,548,555
12,548,555,567
12,19,31,567
12,19,555,567
26,562,574,575
26,38,39,575
26,38,574,575
46,582,583,596
46,47,60,596
46,47,583,596
38,574,575,589
38,39,53,589
38,39,575,589
19,555,556,568
19,20,32,568
19,20,556,568
46,582,595,596
46,59,60,596
46,59,595,596
0,536,537,549
0,1,13,549
0,1,537,549
0,536,548,549
0,12,13,549
0,12,548,549
7,543,555,556
7,19,20,556
7,19,555,556
60,596,608,609
60,72,73,609
60,72,608,609
241,777,778,801
241,242,265,801
241,242,778,801
20,556,568,569
20,32,33,569
20,32,568,569
0,536,543,555
0,7,19,555
0,7,543,555
0,536,543,728
0,7,192,728
0,7,543,728
13,549,550,562
13,14,26,562
13,14,550,562
1,537,549,550
1,13,14,550
1,13,549,550
20,556,557,569
20,21,33,569
20,21,557,569
39,575,589,590
39,53,54,590
39,53,589,590
14,550,562,563
14,26,27,563
14,26,562,563
7,543,544,556
7,8,20,556
7,8,544,556
7,543,544,730
7,8,194,730
7,8,544,730
60,596,597,609
60,61,73,609
60,61,597,609
222,758,777,778
222,241,242,778
222,241,777,778
0,536,537,724
0,1,188,724
0,1,537,724
0,536,724,726
0,188,190,726
0,188,724,726
231,767,768,790
231,232,254,790
231,232,768,790
27,563,575,576
27,39,40,576
27,39,575,576
1,537,538,550
1,2,14,550
1,2,538,550
8,544,556,557
8,20,21,557
8,20,556,557
0,536,726,728
0,190,192,728
0,190,726,728
2,538,550,551
2,14,15,551
2,14,550,551
192,728,730,743
192,194,207,743
192,194,730,743
1,537,722,724
1,186,188,724
1,186,722,724
188,724,726,743
188,190,207,743
188,190,726,743
194,730,732,743
194,196,207,743
194,196,732,743
7,543,728,730
7,192,194,730
7,192,728,730
33,569,582,583
33,46,47,583
33,46,582,583
2,538,720,722
2,184,186,722
2,184,720,722
1,537,538,722
1,2,186,722
1,2,538,722
8,544,730,732
8,194,196,732
8,194,730,732
8,544,545,557
8,9,21,557
8,9,545,557
196,732,734,743
196,198,207,743
196,198,734,743
26,562,563,575
26,27,39,575
26,27,563,575
186,722,724,743
186,188,207,743
186,188,724,743
53,589,590,603
53,54,67,603
53,54,590,603
213,749,750,767
213,214,231,767
213,214,750,767
2,538,718,720
2,182,184,720
2,182,718,720
8,544,545,734
8,9,198,734
8,9,545,734
8,544,732,734
8,196,198,734
8,196,732,734
33,569,570,583
33,34,47,583
33,34,570,583
184,720,722,743
184,186,207,743
184,186,722,743
190,726,728,743
190,192,207,743
190,192,728,743
2,538,539,718
2,3,182,718
2,3,539,718
9,545,734,736
9,198,200,736
9,198,734,736
3,539,551,552
3,15,16,552
3,15,551,552
14,550,551,563
14,15,27,563
14,15,551,563
180,716,718,743
180,182,207,743
180,182,718,743
182,718,720,743
182,184,207,743
182,184,720,743
200,736,738,743
200,202,207,743
200,202,738,743
198,734,736,743
198,200,207,743
198,200,736,743
21,557,569,570
21,33,34,570
21,33,569,570
4,540,712,714
4,176,178,714
4,176,712,714
2,538,539,551
2,3,15,551
2,3,539,551
54,590,603,604
54,67,68,604
54,67,603,604
4,540,714,716
4,178,180,716
4,178,714,716
3,539,716,718
3,180,182,718
3,180,716,718
9,545,546,736
9,10,200,736
9,10,546,736
9,545,557,558
9,21,22,558
9,21,557,558
178,714,716,743
178,180,207,743
178,180,716,743
202,738,740,743
202,204,207,743
202,204,740,743
3,539,540,716
3,4,180,716
3,4,540,716
10,546,736,738
10,200,202,738
10,200,736,738
176,712,714,743
176,178,207,743
176,178,714,743
204,740,742,743
204,206,207,743
204,206,742,743
5,541,710,712
5,174,176,712
5,174,710,712
10,546,738,740
10,202,204,740
10,202,738,740
10,546,547,740
10,11,204,740
10,11,547,740
172,708,742,743
172,206,207,743
172,206,742,743
3,539,540,552
3,4,16,552
3,4,540,552
174,710,712,743
174,176,207,743
174,176,712,743
11,547,740,742
11,204,206,742
11,204,740,742
172,708,710,743
172,174,207,743
172,174,710,743
10,546,558,559
10,22,23,559
10,22,558,559
9,545,546,558
9,10,22,558
9,10,546,558
21,557,558,570
21,22,34,570
21,22,558,570
6,542,547,742
6,11,206,742
6,11,547,742
22,558,570,571
22,34,35,571
22,34,570,571
6,542,708,742
6,172,206,742
6,172,708,742
15,551,552,564
15,16,28,564
15,16,552,564
39,575,576,590
39,40,54,590
39,40,576,590
15,551,563,564
15,27,28,564
15,27,563,564
6,542,708,710
6,172,174,710
6,172,708,710
337,873,874,905
337,338,369,905
337,338,874,905
254,790,814,815
254,278,279,815
254,278,814,815
290,826,854,855
290,318,319,855
290,318,854,855
318,854,855,884
318,319,348,884
318,319,855,884
68,604,615,749
68,79,213,749
68,79,615,749
40,576,577,591
40,41,55,591
40,41,577,591
4,540,541,553
4,5,17,553
4,5,541,553
4,540,541,712
4,5,176,712
4,5,541,712
27,563,564,576
27,28,40,576
27,28,564,576
4,540,552,553
4,16,17,553
4,16,552,553
5,541,542,554
5,6,18,554
5,6,542,554
5,541,542,710
5,6,174,710
5,6,542,710
10,546,547,559
10,11,23,559
10,11,547,559
16,552,553,565
16,17,29,565
16,17,553,565
6,542,547,554
6,11,18,554
6,11,547,554
11,547,554,559
11,18,23,559
11,18,554,559
34,570,583,584
34,47,48,584
34,47,583,584
47,583,596,597
47,60,61,597
47,60,596,597
222,758,759,778
222,223,242,778
222,223,759,778
16,552,564,565
16,28,29,565
16,28,564,565
409,945,980,981
409,444,445,981
409,444,980,981
73,609,758,759
73,222,223,759
73,222,758,759
28,564,565,577
28,29,41,577
28,29,565,577
379,915,947,948
379,411,412,948
379,411,947,948
378,914,915,947
378,379,411,947
378,379,915,947
409,945,946,981
409,410,445,981
409,410,946,981
17,553,554,566
17,18,30,566
17,18,554,566
5,541,553,554
5,17,18,554
5,17,553,554
22,558,559,571
22,23,35,571
22,23,559,571
23,559,566,571
23,30,35,571
23,30,566,571
61,597,609,759
61,73,223,759
61,73,609,759
47,583,584,597
47,48,61,597
47,48,584,597
307,843,844,873
307,308,337,873
307,308,844,873
231,767,789,790
231,253,254,790
231,253,789,790
406,942,976,977
406,440,441,977
406,440,976,977
18,554,559,566
18,23,30,566
18,23,559,566
34,570,571,584
34,35,48,584
34,35,571,584
28,564,576,577
28,40,41,577
28,40,576,577
48,584,585,598
48,49,62,598
48,49,585,598
61,597,759,760
61,223,224,760
61,223,759,760
403,939,940,974
403,404,438,974
403,404,940,974
371,907,939,940
371,403,404,940
371,403,939,940
338,874,905,906
338,369,370,906
338,369,905,906
290,826,827,855
290,291,319,855
290,291,827,855
265,801,826,827
265,290,291,827
265,290,826,827
30,566,578,579
30,42,43,579
30,42,578,579
17,553,565,566
17,29,30,566
17,29,565,566
54,590,591,604
54,55,68,604
54,55,591,604
40,576,590,591
40,54,55,591
40,54,590,591
55,591,604,748
55,68,212,748
55,68,604,748
68,604,748,749
68,212,213,749
68,212,748,749
29,565,577,578
29,41,42,578
29,41,577,578
30,566,571,585
30,35,49,585
30,35,571,585
35,571,584,585
35,48,49,585
35,48,584,585
48,584,597,598
48,61,62,598
48,61,597,598
278,814,815,843
278,279,307,843
278,279,815,843
212,748,749,766
212,213,230,766
212,213,749,766
213,749,766,767
213,230,231,767
213,230,766,767
41,577,591,592
41,55,56,592
41,55,591,592
55,591,592,747
55,56,211,747
55,56,592,747
253,789,790,814
253,254,278,814
253,254,790,814
30,566,579,585
30,43,49,585
30,43,579,585
223,759,778,779
223,242,243,779
223,242,778,779
29,565,566,578
29,30,42,578
29,30,566,578
42,578,592,746
42,56,210,746
42,56,592,746
41,577,578,592
41,42,56,592
41,42,578,592
230,766,767,789
230,231,253,789
230,231,767,789
242,778,801,802
242,265,266,802
242,265,801,802
265,801,802,827
265,266,291,827
265,266,802,827
242,778,779,802
242,243,266,802
242,243,779,802
61,597,598,760
61,62,224,760
61,62,598,760
49,585,598,761
49,62,225,761
49,62,598,761
62,598,760,761
62,224,225,761
62,224,760,761
49,585,745,761
49,209,225,761
49,209,745,761
223,759,760,779
223,224,243,779
223,224,760,779
55,591,747,748
55,211,212,748
55,211,747,748
43,579,585,745
43,49,209,745
43,49,585,745
211,747,748,765
211,212,229,765
211,212,748,765
212,748,765,766
212,229,230,766
212,229,765,766
319,855,884,885
319,348,349,885
319,348,884,885
348,884,916,917
348,380,381,917
348,380,916,917
347,883,884,916
347,348,380,916
347,348,884,916
369,905,906,938
369,370,402,938
369,370,906,938
307,843,872,873
307,336,337,873
307,336,872,873
278,814,842,843
278,306,307,843
278,306,842,843
410,946,981,982
410,445,446,982
410,445,981,982
42,578,579,745
42,43,209,745
42,43,579,745
224,760,779,780
224,243,244,780
224,243,779,780
405,941,975,976
405,439,440,976
405,439,975,976
230,766,788,789
230,252,253,789
230,252,788,789
229,765,766,788
229,230,252,788
229,230,766,788
56,592,746,747
56,210,211,747
56,210,746,747
210,746,747,763
210,211,227,763
210,211,747,763
42,578,745,746
42,209,210,746
42,209,745,746
336,872,873,904
336,337,368,904
336,337,873,904
252,788,789,813
252,253,277,813
252,253,789,813
291,827,855,856
291,319,320,856
291,319,855,856
319,855,856,885
319,320,349,885
319,320,856,885
306,842,843,872
306,307,336,872
306,307,843,872
253,789,813,814
253,277,278,814
253,277,813,814
224,760,761,781
224,225,245,781
224,225,761,781
224,760,780,781
224,244,245,781
224,244,780,781
243,779,802,803
243,266,267,803
243,266,802,803
291,827,856,857
291,320,321,857
291,320,856,857
266,802,827,828
266,291,292,828
266,291,827,828
277,813,814,842
277,278,306,842
277,278,814,842
379,915,916,948
379,380,412,948
379,380,916,948
410,946,947,982
410,411,446,982
410,411,947,982
243,779,803,804
243,267,268,804
243,267,803,804
266,802,803,828
266,267,292,828
266,267,803,828
402,938,939,973
402,403,437,973
402,403,939,973
370,906,938,939
370,402,403,939
370,402,938,939
337,873,904,905
337,368,369,905
337,368,904,905
229,765,787,788
229,251,252,788
229,251,787,788
228,764,765,786
228,229,250,786
228,229,765,786
211,747,764,765
211,228,229,765
211,228,764,765
209,745,746,762
209,210,226,762
209,210,746,762
225,761,781,782
225,245,246,782
225,245,781,782
209,745,761,782
209,225,246,782
209,225,761,782
243,779,780,804
243,244,268,804
243,244,780,804
211,747,763,764
211,227,228,764
211,227,763,764
227,763,764,785
227,228,249,785
227,228,764,785
251,787,788,812
251,252,276,812
251,252,788,812
209,745,762,782
209,226,246,782
209,226,762,782
210,746,762,763
210,226,227,763
210,226,762,763
244,780,804,805
244,268,269,805
244,268,804,805
267,803,828,829
267,292,293,829
267,292,828,829
244,780,781,805
244,245,269,805
244,245,781,805
411,947,982,983
411,446,447,983
411,446,982,983
252,788,812,813
252,276,277,813
252,276,812,813
276,812,813,840
276,277,304,840
276,277,813,840
277,813,841,842
277,305,306,842
277,305,841,842
348,884,885,917
348,349,381,917
348,349,885,917
380,916,948,949
380,412,413,949
380,412,948,949
349,885,917,918
349,381,382,918
349,381,917,918
320,856,885,886
320,349,350,886
320,349,885,886
305,841,842,871
305,306,335,871
305,306,842,871
267,803,829,830
267,293,294,830
267,293,829,830
291,827,828,857
291,292,321,857
291,292,828,857
404,940,974,975
404,438,439,975
404,438,974,975
442,978,1008,1009
442,472,473,1009
442,472,1008,1009
441,977,978,1008
441,442,472,1008
441,442,978,1008
440,976,977,1006
440,441,470,1006
440,441,977,1006
439,975,976,1005
439,440,469,1005
439,440,976,1005
442,978,979,1009
442,443,473,1009
442,443,979,1009
443,979,1009,1010
443,473,474,1010
443,473,1009,1010
368,904,905,937
368,369,401,937
368,369,905,937
306,842,871,872
306,335,336,872
306,335,871,872
292,828,857,858
292,321,322,858
292,321,857,858
335,871,872,903
335,336,367,903
335,336,872,903
320,856,886,887
320,350,351,887
320,350,886,887
250,786,787,810
250,251,274,810
250,251,787,810
229,765,786,787
229,250,251,787
229,250,786,787
226,762,763,784
226,227,248,784
226,227,763,784
444,980,1010,1011
444,474,475,1011
444,474,1010,1011
443,979,980,1010
443,444,474,1010
443,444,980,1010
441,977,1007,1008
441,471,472,1008
441,471,1007,1008
438,974,975,1004
438,439,468,1004
438,439,975,1004
245,781,805,806
245,269,270,806
245,269,805,806
267,803,804,830
267,268,294,830
267,268,804,830
245,781,782,806
245,246,270,806
245,246,782,806
246,782,783,806
246,247,270,806
246,247,783,806
380,916,917,949
380,381,413,949
380,381,917,949
411,947,948,983
411,412,447,983
411,412,948,983
249,785,786,809
249,250,273,809
249,250,786,809
228,764,785,786
228,249,250,786
228,249,785,786
226,762,782,783
226,246,247,783
226,246,782,783
268,804,830,831
268,294,295,831
268,294,830,831
275,811,812,839
275,276,303,839
275,276,812,839
251,787,811,812
251,275,276,812
251,275,811,812
277,813,840,841
277,304,305,841
277,304,840,841
401,937,938,972
401,402,436,972
401,402,938,972
369,905,937,938
369,401,402,938
369,401,937,938
268,804,805,831
268,269,295,831
268,269,805,831
292,828,829,858
292,293,322,858
292,293,829,858
444,980,981,1011
444,445,475,1011
444,445,981,1011
227,763,784,785
227,248,249,785
227,248,784,785
248,784,785,808
248,249,272,808
248,249,785,808
226,762,783,784
226,247,248,784
226,247,783,784
269,805,831,832
269,295,296,832
269,295,831,832
441,977,1006,1007
441,470,471,1007
441,470,1006,1007
304,840,841,869
304,305,333,869
304,305,841,869
293,829,858,859
293,322,323,859
293,322,858,859
320,856,857,887
320,321,351,887
320,321,857,887
412,948,983,984
412,447,448,984
412,447,983,984
445,981,1011,1012
445,475,476,1012
445,475,1011,1012
274,810,811,838
274,275,302,838
274,275,811,838
251,787,810,811
251,274,275,811
251,274,810,811
247,783,784,807
247,248,271,807
247,248,784,807
305,841,870,871
305,334,335,871
305,334,870,871
334,870,871,902
334,335,366,902
334,335,871,902
336,872,903,904
336,367,368,904
336,367,903,904
321,857,887,888
321,351,352,888
321,351,887,888
349,885,886,918
349,350,382,918
349,350,886,918
381,917,949,950
381,413,414,950
381,413,949,950
269,805,806,832
269,270,296,832
269,270,806,832
293,829,830,859
293,294,323,859
293,294,830,859
270,806,832,833
270,296,297,833
270,296,832,833
350,886,918,919
350,382,383,919
350,382,918,919
367,903,904,936
367,368,400,936
367,368,904,936
437,973,974,1003
437,438,467,1003
437,438,974,1003
403,939,973,974
403,437,438,974
403,437,973,974
445,981,982,1012
445,446,476,1012
445,446,982,1012
273,809,810,837
273,274,301,837
273,274,810,837
250,786,809,810
250,273,274,810
250,273,809,810
276,812,839,840
276,303,304,840
276,303,839,840
247,783,806,833
247,270,297,833
247,270,806,833
294,830,859,860
294,323,324,860
294,323,859,860
440,976,1005,1006
440,469,470,1006
440,469,1005,1006
303,839,840,868
303,304,332,868
303,304,840,868
294,830,831,860
294,295,324,860
294,295,831,860
321,857,858,888
321,322,352,888
321,322,858,888
381,917,918,950
381,382,414,950
381,382,918,950
412,948,949,984
412,413,448,984
412,413,949,984
272,808,809,836
272,273,300,836
272,273,809,836
249,785,808,809
249,272,273,809
249,272,808,809
247,783,807,833
247,271,297,833
247,271,807,833
295,831,860,861
295,324,325,861
295,324,860,861
248,784,807,808
248,271,272,808
248,271,807,808
400,936,937,971
400,401,435,971
400,401,937,971
368,904,936,937
368,400,401,937
368,400,936,937
333,869,870,901
333,334,365,901
333,334,870,901
305,841,869,870
305,333,334,870
305,333,869,870
335,871,902,903
335,366,367,903
335,366,902,903
322,858,888,889
322,352,353,889
322,352,888,889
350,886,887,919
350,351,383,919
350,351,887,919
382,918,950,951
382,414,415,951
382,414,950,951
302,838,839,867
302,303,331,867
302,303,839,867
275,811,838,839
275,302,303,839
275,302,838,839
271,807,808,835
271,272,299,835
271,272,808,835
296,832,861,862
296,325,326,862
296,325,861,862
295,831,832,861
295,296,325,861
295,296,832,861
322,858,859,889
322,323,353,889
322,323,859,889
351,887,919,920
351,383,384,920
351,383,919,920
413,949,984,985
413,448,449,985
413,448,984,985
446,982,1012,1013
446,476,477,1013
446,476,1012,1013
366,902,903,935
366,367,399,935
366,367,903,935
446,982,983,1013
446,447,477,1013
446,447,983,1013
436,972,973,1002
436,437,466,1002
436,437,973,1002
402,938,972,973
402,436,437,973
402,436,972,973
439,975,1004,1005
439,468,469,1005
439,468,1004,1005
301,837,838,866
301,302,330,866
301,302,838,866
274,810,837,838
274,301,302,838
274,301,837,838
296,832,833,862
296,297,326,862
296,297,833,862
297,833,834,862
297,298,326,862
297,298,834,862
323,859,889,890
323,353,354,890
323,353,889,890
332,868,869,900
332,333,364,900
332,333,869,900
304,840,868,869
304,332,333,869
304,332,868,869
323,859,860,890
323,324,354,890
323,324,860,890
351,887,888,920
351,352,384,920
351,352,888,920
382,918,951,952
382,415,416,952
382,415,951,952
413,949,950,985
413,414,449,985
413,414,950,985
382,918,919,952
382,383,416,952
382,383,919,952
300,836,837,865
300,301,329,865
300,301,837,865
273,809,836,837
273,300,301,837
273,300,836,837
271,807,833,834
271,297,298,834
271,297,833,834
324,860,890,891
324,354,355,891
324,354,890,891
399,935,936,970
399,400,434,970
399,400,936,970
367,903,935,936
367,399,400,936
367,399,935,936
334,870,901,902
334,365,366,902
334,365,901,902
272,808,835,836
272,299,300,836
272,299,835,836
271,807,834,835
271,298,299,835
271,298,834,835
352,888,920,921
352,384,385,921
352,384,920,921
365,901,902,933
365,366,397,933
365,366,902,933
331,867,868,899
331,332,363,899
331,332,868,899
303,839,867,868
303,331,332,868
303,331,867,868
299,835,836,864
299,300,328,864
299,300,836,864
325,861,891,892
325,355,356,892
325,355,891,892
324,860,861,891
324,325,355,891
324,325,861,891
352,888,889,921
352,353,385,921
352,353,889,921
472,1008,1034,1035
472,498,499,1035
472,498,1034,1035
471,1007,1008,1034
471,472,498,1034
471,472,1008,1034
470,1006,1007,1032
470,471,496,1032
470,471,1007,1032
469,1005,1006,1031
469,470,495,1031
469,470,1006,1031
472,1008,1009,1035
472,473,499,1035
472,473,1009,1035
473,1009,1035,1036
473,499,500,1036
473,499,1035,1036
447,983,1013,1014
447,477,478,1014
447,477,1013,1014
414,950,985,986
414,449,450,986
414,449,985,986
447,983,984,1014
447,448,478,1014
447,448,984,1014
474,1010,1036,1037
474,500,501,1037
474,500,1036,1037
473,1009,1010,1036
473,474,500,1036
473,474,1010,1036
471,1007,1033,1034
471,497,498,1034
471,497,1033,1034
468,1004,1005,1030
468,469,494,1030
468,469,1005,1030
438,974,1003,1004
438,467,468,1004
438,467,1003,1004
401,937,971,972
401,435,436,972
401,435,971,972
435,971,972,1001
435,436,465,1001
435,436,972,1001
330,866,867,898
330,331,362,898
330,331,867,898
302,838,866,867
302,330,331,867
302,330,866,867
298,834,835,863
298,299,327,863
298,299,835,863
325,861,862,892
325,326,356,892
325,326,862,892
353,889,921,922
353,385,386,922
353,385,921,922
326,862,892,893
326,356,357,893
326,356,892,893
383,919,920,953
383,384,417,953
383,384,920,953
383,919,952,953
383,416,417,953
383,416,952,953
414,950,951,986
414,415,450,986
414,415,951,986
475,1011,1037,1038
475,501,502,1038
475,501,1037,1038
474,1010,1011,1037
474,475,501,1037
474,475,1011,1037
398,934,935,969
398,399,433,969
398,399,935,969
366,902,934,935
366,398,399,935
366,398,934,935
333,869,900,901
333,364,365,901
333,364,900,901
471,1007,1032,1033
471,496,497,1033
471,496,1032,1033
467,1003,1004,1029
467,468,493,1029
467,468,1004,1029
353,889,890,922
353,354,386,922
353,354,890,922
364,900,901,932
364,365,396,932
364,365,901,932
329,865,866,897
329,330,361,897
329,330,866,897
301,837,865,866
301,329,330,866
301,329,865,866
298,834,862,893
298,326,357,893
298,326,862,893
354,890,922,923
354,386,387,923
354,386,922,923
300,836,864,865
300,328,329,865
300,328,864,865
298,834,863,893
298,327,357,893
298,327,863,893
299,835,863,864
299,327,328,864
299,327,863,864
475,1011,1012,1038
475,476,502,1038
475,476,1012,1038
448,984,1014,1015
448,478,479,1015
448,478,1014,1015
476,1012,1038,1039
476,502,503,1039
476,502,1038,1039
415,951,986,987
415,450,451,987
415,450,986,987
448,984,985,1015
448,449,479,1015
448,449,985,1015
470,1006,1031,1032
470,495,496,1032
470,495,1031,1032
355,891,923,924
355,387,388,924
355,387,923,924
354,890,891,923
354,355,387,923
354,355,891,923
384,920,953,954
384,417,418,954
384,417,953,954
466,1002,1003,1028
466,467,492,1028
466,467,1003,1028
437,973,1002,1003
437,466,467,1003
437,466,1002,1003
363,899,900,931
363,364,395,931
363,364,900,931
332,868,899,900
332,363,364,900
332,363,899,900
328,864,865,896
328,329,360,896
328,329,865,896
434,970,971,1000
434,435,464,1000
434,435,971,1000
400,936,970,971
400,434,435,971
400,434,970,971
384,920,921,954
384,385,418,954
384,385,921,954
415,951,952,987
415,416,451,987
415,416,952,987
397,933,934,968
397,398,432,968
397,398,934,968
366,902,933,934
366,397,398,934
366,397,933,934
356,892,924,925
356,388,389,925
356,388,924,925
355,891,892,924
355,356,388,924
355,356,892,924
385,921,954,955
385,418,419,955
385,418,954,955
362,898,899,930
362,363,394,930
362,363,899,930
331,867,898,899
331,362,363,899
331,362,898,899
327,863,864,895
327,328,359,895
327,328,864,895
476,1012,1013,1039
476,477,503,1039
476,477,1013,1039
469,1005,1030,1031
469,494,495,1031
469,494,1030,1031
416,952,987,988
416,451,452,988
416,451,987,988
449,985,1015,1016
449,479,480,1016
449,479,1015,1016
385,921,922,955
385,386,419,955
385,386,922,955
416,952,953,988
416,417,452,988
416,417,953,988
449,985,986,1016
449,450,480,1016
449,450,986,1016
477,1013,1039,1040
477,503,504,1040
477,503,1039,1040
356,892,893,925
356,357,389,925
356,357,893,925
386,922,955,956
386,419,420,956
386,419,955,956
357,893,894,925
357,358,389,925
357,358,894,925
330,866,897,898
330,361,362,898
330,361,897,898
396,932,933,967
396,397,431,967
396,397,933,967
365,901,932,933
365,396,397,933
365,396,932,933
361,897,898,929
361,362,393,929
361,362,898,929
433,969,970,999
433,434,463,999
433,434,970,999
399,935,969,970
399,433,434,970
399,433,969,970
465,1001,1002,1028
465,466,492,1028
465,466,1002,1028
436,972,1001,1002
436,465,466,1002
436,465,1001,1002
327,863,893,894
327,357,358,894
327,357,893,894
329,865,896,897
329,360,361,897
329,360,896,897
327,863,894,895
327,358,359,895
327,358,894,895
328,864,895,896
328,359,360,896
328,359,895,896
477,1013,1014,1040
477,478,504,1040
477,478,1014,1040
387,923,956,957
387,420,421,957
387,420,956,957
386,922,923,956
386,387,420,956
386,387,923,956
417,953,988,989
417,452,453,989
417,452,988,989
395,931,932,966
395,396,430,966
395,396,932,966
364,900,931,932
364,395,396,932
364,395,931,932
360,896,897,928
360,361,392,928
360,361,897,928
468,1004,1029,1030
468,493,494,1030
468,493,1029,1030
417,953,954,989
417,418,453,989
417,418,954,989
450,986,1016,1017
450,480,481,1017
450,480,1016,1017
432,968,969,998
432,433,462,998
432,433,969,998
398,934,968,969
398,432,433,969
398,432,968,969
450,986,987,1017
450,451,481,1017
450,451,987,1017
478,1014,1040,1041
478,504,505,1041
478,504,1040,1041
464,1000,1025,1026
464,489,490,1026
464,489,1025,1026
435,971,1000,1001
435,464,465,1001
435,464,1000,1001
387,923,924,957
387,388,421,957
387,388,924,957
418,954,989,990
418,453,454,990
418,453,989,990
388,924,957,958
388,421,422,958
388,421,957,958
363,899,930,931
363,394,395,931
363,394,930,931
359,895,896,927
359,360,391,927
359,360,896,927
394,930,931,965
394,395,429,965
394,395,931,965
498,1034,1035,1054
498,499,518,1054
498,499,1035,1054
497,1033,1034,1053
497,498,517,1053
497,498,1034,1053
496,1032,1033,1052
496,497,516,1052
496,497,1033,1052
495,1031,1032,1051
495,496,515,1051
495,496,1032,1051
499,1035,1054,1055
499,518,519,1055
499,518,1054,1055
499,1035,1036,1055
499,500,519,1055
499,500,1036,1055
500,1036,1055,1056
500,519,520,1056
500,519,1055,1056
498,1034,1053,1054
498,517,518,1054
498,517,1053,1054
494,1030,1031,1050
494,495,514,1050
494,495,1031,1050
478,1014,1015,1041
478,479,505,1041
478,479,1015,1041
501,1037,1056,1057
501,520,521,1057
501,520,1056,1057
500,1036,1037,1056
500,501,520,1056
500,501,1037,1056
389,925,958,959
389,422,423,959
389,422,958,959
388,924,925,958
388,389,422,958
388,389,925,958
497,1033,1052,1053
497,516,517,1053
497,516,1052,1053
493,1029,1048,1049
493,512,513,1049
493,512,1048,1049
362,898,929,930
362,393,394,930
362,393,929,930
358,894,925,959
358,389,423,959
358,389,925,959
467,1003,1028,1029
467,492,493,1029
467,492,1028,1029
419,955,990,991
419,454,455,991
419,454,990,991
418,954,955,990
418,419,454,990
418,419,955,990
451,987,1017,1018
451,481,482,1018
451,481,1017,1018
431,967,968,997
431,432,461,997
431,432,968,997
397,933,967,968
397,431,432,968
397,431,967,968
393,929,930,964
393,394,428,964
393,394,930,964
358,894,926,959
358,390,423,959
358,390,926,959
361,897,928,929
361,392,393,929
361,392,928,929
451,987,988,1018
451,452,482,1018
451,452,988,1018
479,1015,1041,1042
479,505,506,1042
479,505,1041,1042
502,1038,1057,1058
502,521,522,1058
502,521,1057,1058
501,1037,1038,1057
501,502,521,1057
501,502,1038,1057
496,1032,1051,1052
496,515,516,1052
496,515,1051,1052
492,1028,1047,1048
492,511,512,1048
492,511,1047,1048
358,894,895,926
358,359,390,926
358,359,895,926
463,999,1000,1025
463,464,489,1025
463,464,1000,1025
434,970,999,1000
434,463,464,1000
434,463,999,1000
360,896,927,928
360,391,392,928
360,391,927,928
359,895,926,927
359,390,391,927
359,390,926,927
419,955,956,991
419,420,455,991
419,420,956,991
452,988,1018,1019
452,482,483,1019
452,482,1018,1019
420,956,991,992
420,455,456,992
420,455,991,992
479,1015,1016,1042
479,480,506,1042
479,480,1016,1042
430,966,967,996
430,431,460,996
430,431,967,996
396,932,966,967
396,430,431,967
396,430,966,967
392,928,929,963
392,393,427,963
392,393,929,963
503,1039,1058,1059
503,522,523,1059
503,522,1058,1059
502,1038,1039,1058
502,503,522,1058
502,503,1039,1058
452,988,989,1019
452,453,483,1019
452,453,989,1019
480,1016,1042,1043
480,506,507,1043
480,506,1042,1043
421,957,992,993
421,456,457,993
421,456,992,993
420,956,957,992
420,421,456,992
420,421,957,992
453,989,1019,1020
453,483,484,1020
453,483,1019,1020
503,1039,1040,1059
503,504,523,1059
503,504,1040,1059
464,1000,1001,1026
464,465,490,1026
464,465,1001,1026
433,969,998,999
433,462,463,999
433,462,998,999
463,999,1024,1025
463,488,489,1025
463,488,1024,1025
465,1001,1026,1027
465,490,491,1027
465,490,1026,1027
462,998,999,1024
462,463,488,1024
462,463,999,1024
465,1001,1027,1028
465,491,492,1028
465,491,1027,1028
491,1027,1028,1047
491,492,511,1047
491,492,1028,1047
432,968,997,998
432,461,462,998
432,461,997,998
480,1016,1017,1043
480,481,507,1043
480,481,1017,1043
504,1040,1059,1060
504,523,524,1060
504,523,1059,1060
421,957,958,993
421,422,457,993
421,422,958,993
422,958,959,994
422,423,458,994
422,423,959,994
492,1028,1029,1048
492,493,512,1048
492,493,1029,1048
431,967,996,997
431,460,461,997
431,460,996,997
395,931,965,966
395,429,430,966
395,429,965,966
430,966,995,996
430,459,460,996
430,459,995,996
391,927,928,962
391,392,426,962
391,392,928,962
493,1029,1030,1049
493,494,513,1049
493,494,1030,1049
429,965,966,995
429,430,459,995
429,430,966,995
394,930,964,965
394,428,429,965
394,428,964,965
390,926,927,961
390,391,425,961
390,391,927,961
453,989,990,1020
453,454,484,1020
453,454,990,1020
481,1017,1018,1044
481,482,508,1044
481,482,1018,1044
454,990,991,1021
454,455,485,1021
454,455,991,1021
494,1030,1049,1050
494,513,514,1050
494,513,1049,1050
393,929,963,964
393,427,428,964
393,427,963,964
390,926,959,960
390,423,424,960
390,423,959,960
495,1031,1050,1051
495,514,515,1051
495,514,1050,1051
514,1050,1051,1063
514,515,527,1063
514,515,1051,1063
392,928,962,963
392,426,427,963
392,426,962,963
391,927,961,962
391,425,426,962
391,425,961,962
390,926,960,961
390,424,425,961
390,424,960,961
516,1052,1063,1064
516,527,528,1064
516,527,1063,1064
515,1051,1052,1063
515,516,527,1063
515,516,1052,1063
516,1052,1053,1064
516,517,528,1064
516,517,1053,1064
504,1040,1041,1060
504,505,524,1060
504,505,1041,1060
423,959,960,994
423,424,458,994
423,424,960,994
422,958,993,994
422,457,458,994
422,457,993,994
455,991,992,1022
455,456,486,1022
455,456,992,1022
517,1053,1054,1065
517,518,529,1065
517,518,1054,1065
517,1053,1064,1065
517,528,529,1065
517,528,1064,1065
456,992,993,1023
456,457,487,1023
456,457,993,1023
456,992,1022,1023
456,486,487,1023
456,486,1022,1023
518,1054,1066,1067
518,530,531,1067
518,530,1066,1067
518,1054,1065,1066
518,529,530,1066
518,529,1065,1066
455,991,1021,1022
455,485,486,1022
455,485,1021,1022
518,1054,1055,1067
518,519,531,1067
518,519,1055,1067
519,1055,1067,1068
519,531,532,1068
519,531,1067,1068
454,990,1020,1021
454,484,485,1021
454,484,1020,1021
482,1018,1019,1045
482,483,509,1045
482,483,1019,1045
483,1019,1020,1046
483,484,510,1046
483,484,1020,1046
520,1056,1068,1069
520,532,533,1069
520,532,1068,1069
519,1055,1056,1068
519,520,532,1068
519,520,1056,1068
483,1019,1045,1046
483,509,510,1046
483,509,1045,1046
482,1018,1044,1045
482,508,509,1045
482,508,1044,1045
521,1057,1069,1070
521,533,534,1070
521,533,1069,1070
520,1056,1057,1069
520,521,533,1069
520,521,1057,1069
481,1017,1043,1044
481,507,508,1044
481,507,1043,1044
505,1041,1042,1061
505,506,525,1061
505,506,1042,1061
521,1057,1058,1070
521,522,534,1070
521,522,1058,1070
506,1042,1043,1062
506,507,526,1062
506,507,1043,1062
522,1058,1070,1071
522,534,535,1071
522,534,1070,1071
506,1042,1061,1062
506,525,526,1062
506,525,1061,1062
522,1058,1059,1071
522,523,535,1071
522,523,1059,1071
523,1059,1060,1071
523,524,535,1071
523,524,1060,1071
505,1041,1060,1061
505,524,525,1061
505,524,1060,1061
